10
50
(7.851,0.883);(2.066,0.469);(0.501,2.288);(8.973,1.13);(1.701,0.283);(1.561,0.315);(5.278,0.641);(2.217,0.996);(2.066,0.418);(2.608,0.855)
(84.503,9.787);(20.009,3.607);(4.681,21.415);(60.738,8.837);(17.536,3.87);(17.976,3.193);(75.099,7.988);(17.129,7.421);(21.234,3.505);(25.964,11.166)
(155.087,19.941);(43.968,7.103);(13.583,52.345);(139.872,18.159);(46.555,8.446);(69.563,15.055);(144.617,16.286);(48.413,20.189);(54.914,12.12);(69.29,28.52)
(120.545,13.322);(42.986,9.707);(11.685,50.4);(131.957,13.497);(34.151,6.349);(46.154,9.094);(112.805,15.541);(51.934,24.894);(49.205,8.286);(46.269,21.05)
(104.354,14.771);(45.88,10.065);(12.751,68.809);(127.219,16.589);(36.84,7.855);(46.329,10.866);(109.442,13.302);(35.441,12.55);(43.56,9.36);(41.229,17.115)
(84.932,9.223);(25.995,4.985);(8.953,36.609);(87.493,9.564);(26.799,6.39);(26.649,4.987);(96.386,12.93);(25.674,11.594);(31.79,6.92);(23.717,11.223)
(22.472,2.359);(8.173,1.846);(2.559,11.017);(21.874,2.613);(9.737,2.228);(9.12,1.622);(20.086,1.985);(5.642,2.225);(7.048,1.238);(8.709,3.404)
(81.665,8.004);(19.679,3.28);(4.522,18.99);(86.043,8.678);(19.976,4.279);(18.219,3.145);(56.912,8.361);(18.889,6.228);(26.044,5.903);(21.658,8.387)
(155.278,16.488);(45.933,8.081);(14.328,73.313);(144.748,15.024);(46.534,10.303);(48.311,9.967);(126.017,14.596);(65.386,29.367);(36.484,7.56);(39.385,14.14)
(124.468,17.776);(29.258,5.544);(11.21,56.389);(103.423,13.574);(44.836,7.778);(44.538,8.057);(100.69,12.466);(29.639,13.827);(47.486,7.875);(41.211,18.924)
(28.839,3.517);(13.979,2.795);(2.708,10.21);(33.06,4.383);(10.707,2.171);(12.377,2.426);(32.409,4.426);(11.805,5.077);(12.562,2.532);(8.833,2.847)
(166.125,17.321);(47.744,7.705);(14.355,71.159);(185.258,23.06);(70.698,12.841);(63.239,10.991);(165.9,19.4);(71.658,23.069);(76.553,13.046);(63.981,27.569)
(58.585,8.028);(12.629,2.788);(3.087,14.441);(43.32,5.349);(14.363,3.12);(12.616,2.766);(68.185,7.259);(21.522,9.791);(20.715,3.363);(20.879,9.339)
(64.42,6.38);(15.666,3.093);(5.936,24.931);(70.579,8.297);(20.145,3.583);(16.16,2.786);(71.074,8.849);(18.388,6.624);(13.886,3.065);(21.39,7.945)
(181.41,22.285);(50.739,9.844);(19.546,81.026);(177.695,19.788);(47.498,10.449);(78.649,12.844);(191.154,23.249);(74.245,29.262);(70.415,11.382);(55.328,24.347)
(61.387,7.865);(18.627,3.558);(5.418,20.474);(69.827,7.397);(21.819,4.433);(16.34,3.096);(72.585,9.302);(25.672,9.181);(17.954,3.318);(19.351,7.088)
(92.942,13.209);(33.953,6.182);(9.842,50.339);(104.044,10.658);(37.135,7.024);(27.078,4.861);(113.207,15.09);(29.414,13.859);(29.557,7.03);(26.688,11.071)
(65.733,7.426);(23.362,4.59);(8.743,48.732);(65.527,9.071);(33.892,6.699);(29.181,6.305);(93.898,10.579);(28.218,11.197);(22.444,5.18);(21.259,7.372)
(177.975,19.203);(70.417,14.685);(18.259,76.935);(174.36,20.966);(59.672,9.718);(49.182,8.946);(187.1,26.041);(68.902,27.004);(68.529,13.968);(71.33,27.375)
(35.878,4.83);(8.54,1.371);(1.503,8.082);(21.277,2.761);(6.071,1.419);(9.221,1.499);(21.189,2.234);(6.76,2.806);(9.881,1.948);(8.335,3.618)
(51.816,5.099);(19.818,3.798);(3.058,11.824);(41.345,5.43);(19.095,3.816);(14.139,2.683);(63.988,8.894);(17.353,6.159);(17.897,2.903);(13.489,4.763)
(110.99,12.159);(35.025,6.012);(8.029,43.602);(115.941,13.007);(28.637,6.282);(39.306,7.478);(91.444,12.706);(32.875,14.666);(35.374,7.266);(39.063,18.63)
(113.584,15.83);(54.621,10.523);(13.824,57.974);(129.717,18.053);(37.707,7.262);(34.597,7.088);(129.957,12.881);(38.311,17.22);(49.013,8.478);(41.955,18.218)
(163.115,22.306);(46.24,8.963);(11.003,42.892);(152.042,15.835);(48.068,11.243);(51.028,10.858);(158.222,21.743);(48.984,20.225);(53.208,11.074);(47.056,20.682)
(24.72,2.682);(7.006,1.229);(2.199,11.579);(31.603,3.137);(9.077,1.949);(7.163,1.575);(27.158,3.693);(6.413,2.695);(10.277,2.259);(9.526,3.533)
(60.298,8.206);(29.617,7.059);(7.546,28.49);(62.666,7.969);(18.355,4.048);(25.26,4.075);(75.113,8.736);(17.447,6.569);(17.032,3.788);(27.723,11.351)
(137.121,17.015);(61.046,12.757);(13.472,65.687);(139.12,18.144);(40.581,9.717);(41.448,9.354);(160.769,18.817);(61.257,27.978);(48.978,8.739);(48.329,20.684)
(54.046,6.328);(15.596,2.602);(5.384,23.301);(42.404,5.086);(14.419,2.669);(21.72,4.726);(47.926,6.431);(13.55,6.084);(17.381,4.098);(22.653,7.789)
(143.556,17.406);(51.094,10.721);(15.192,64.479);(155.468,16.822);(62.855,15.058);(45.398,9.557);(138.278,18.687);(37.766,13.053);(63.899,13.973);(45.112,18.715)
(28.224,3.919);(7.761,1.402);(2.112,11.064);(30.108,3.161);(8.559,1.795);(6.678,1.341);(34.619,3.459);(7.24,2.356);(8.164,1.328);(6.095,2.029)
(112.549,14.81);(41.689,6.934);(8.862,49.612);(122.795,12.146);(31.428,5.674);(47.623,9.519);(125.382,14.376);(42.912,14.642);(42.005,8.123);(37.924,16.449)
(163.024,19.265);(53.951,11.767);(14.922,64.543);(177.128,24.203);(71.089,13.765);(68.744,12.308);(182.214,26.509);(73.495,23.62);(51.162,11.653);(66.344,31.137)
(177.115,25.59);(76.902,17.384);(11.84,48.578);(177.282,23.067);(64.456,12.087);(51.734,11.963);(180.503,20.658);(62.746,29.932);(56.324,12.066);(73.893,31.011)
(107.307,15.704);(28.637,6.206);(8.823,46.84);(105.182,12.662);(42.451,9.356);(29.564,6.594);(110.715,13.35);(44.141,14.614);(47.903,9.124);(37.108,13.184)
(85.763,11.91);(24.683,5.654);(5.657,28.004);(67.772,8.649);(22.569,5.285);(20.977,4.529);(77.076,11.002);(22.055,7.335);(19.258,4.037);(27.043,8.899)
(140.274,15.235);(37.825,7.172);(12.325,47.083);(154.725,22.609);(52.89,10.131);(65.277,14.445);(155.155,17.944);(53.942,18.142);(38.011,6.45);(42.925,18.363)
(61.677,8.788);(21.233,3.705);(5.554,28.804);(53.252,6.501);(19.341,4.465);(15.285,3.024);(60.173,8.449);(22.552,10.746);(23.049,5.263);(19.793,7.109)
(154.669,16.209);(52.355,11.573);(14.12,60.993);(168.674,24.34);(59.946,13.449);(51.569,11.583);(178.735,21.694);(59.923,22.133);(47.126,9.631);(53.313,22.237)
(18.229,1.953);(8.149,1.708);(1.276,7.152);(27.069,3.969);(4.735,1.034);(8.315,1.902);(20.376,2.652);(4.743,2.253);(5.658,1.12);(5.695,2.716)
(76.705,9.025);(37.626,6.558);(7.658,32.709);(90.408,9.665);(35.725,7.956);(31.187,5.268);(85.132,11.192);(27.046,8.822);(26.797,4.318);(28.13,10.807)
(72.495,8.614);(24.737,5.62);(6.985,34.87);(94.324,11.916);(30.737,4.928);(33.627,7.212);(99.652,13.835);(20.545,7.932);(22.102,4.919);(21.403,8.273)
(145.271,20.544);(48.176,7.817);(10.373,52.037);(156.577,19.296);(68.991,13.889);(48.455,11.223);(149.302,15.997);(57.798,20.33);(49.063,10.557);(43.812,16.002)
(158.981,17.82);(52.988,10.502);(12.658,52.649);(159.865,17.478);(69.241,14.824);(65.335,14.769);(152.94,20.173);(70.889,33.848);(70.6,12.948);(52.922,21.422)
(82.781,10.896);(28.128,6.481);(9.511,44.579);(102.253,10.271);(35.396,5.871);(33.623,6.175);(87.404,10.759);(25.579,9.234);(27.585,6.116);(37.735,12.151)
(77.024,8.265);(30.989,5.494);(5.546,27.604);(85.362,10.729);(18.701,3.803);(24.786,5.149);(67.971,7.46);(21.217,7.964);(29.831,5.499);(30.79,13.859)
(9.854,1.189);(1.856,0.305);(0.472,2.485);(10.119,1.338);(2.216,0.369);(2.437,0.402);(8.715,1);(2.328,0.818);(1.879,0.398);(2.138,0.755)
(162.053,16.732);(47.915,7.905);(17.295,66.327);(151.645,21.473);(43.239,7.276);(44.128,9.815);(154.958,16.686);(38.315,17.045);(41.856,6.746);(41.25,14.67)
(126.28,17.659);(53.798,12.909);(10.08,46.422);(141.757,17.947);(34.179,6.253);(47.535,7.961);(131.52,13.263);(37.005,15.601);(44.744,8.014);(52.2,24.152)
(28.201,3.025);(11.11,2.228);(2.027,11.19);(35.042,4.532);(13.32,3.131);(14.076,3.179);(33.585,4.567);(10.231,4.504);(13.172,2.583);(9.452,3.52)
(87.262,9.338);(32.211,6.807);(6.293,33.345);(102.148,11.756);(28.572,6.444);(34.32,6.738);(95.793,11.682);(24.311,8.543);(29.495,6.316);(33.443,13.862)
