20
200
(44.641,8.018);(40.255,15.511);(11.111,43.308);(12.634,51.483);(40.336,8.034);(48.284,22.28);(43.813,7.086);(47.668,21.816);(146.135,19.756);(13.882,63.018);(42.771,9.682);(60.39,24.347);(66.247,26.118);(44.143,15.756);(54.676,10.973);(51.302,20.966);(63.252,10.587);(162.18,18.533);(51.005,17.26);(38.4,8.676)
(51.937,10.132);(53.791,20.71);(15.368,64.889);(13.132,64.922);(74.437,11.93);(45.996,21.333);(58.906,12.61);(70.48,26.654);(175.411,17.221);(11.233,45.161);(73.111,16.319);(59.362,19.536);(65.679,22.269);(68.969,32.648);(68.724,12.912);(66.789,28.081);(47.277,9.453);(177.681,18.945);(48.115,17.985);(51.866,8.507)
(8.998,2.09);(7.681,3.367);(2.448,11.354);(2.151,10.126);(7.493,1.429);(9.62,3.227);(5.613,0.907);(9.773,3.312);(29.988,3.593);(1.593,6.225);(6.33,1.12);(6.039,2.769);(5.552,2.231);(9.053,3.699);(6.807,1.227);(5.454,2.06);(5.933,1.078);(21.044,2.181);(8.937,2.967);(9.249,2.218)
(3.927,0.868);(3.921,1.857);(0.804,4.342);(1.03,3.931);(2.634,0.523);(3.878,1.756);(2.942,0.632);(4.141,1.775);(12.438,1.416);(0.876,4.659);(4.116,0.844);(2.598,1.208);(2.59,0.944);(3.758,1.307);(3.526,0.782);(4.181,1.595);(3.062,0.605);(9.21,0.943);(2.972,1.147);(3.322,0.774)
(51.081,9.033);(37.195,16.277);(11.641,50.455);(10.296,51.662);(47.064,8.423);(33.929,11.928);(54.922,10.295);(39.776,17.96);(136.117,15.283);(9.36,35.36);(32.769,6.654);(33.545,13.091);(40.094,15.633);(33.293,15.693);(56.095,10.947);(33.125,13.519);(58.271,13.949);(117.298,14.786);(54.237,23.247);(34.867,8.252)
(57.715,12.376);(72.273,30.15);(15.675,81.905);(15.854,62.02);(73.933,14.433);(59.198,21.095);(75.774,12.299);(60.978,27.67);(170.3,23.688);(13.176,51.523);(71.457,14.889);(76.703,32.675);(49.465,22.492);(74.939,33.692);(64.616,11.789);(52.449,17.893);(60.985,12.322);(154.706,21.182);(52.015,18.945);(64.805,15.078)
(56.211,10.41);(48.58,16.637);(10.646,44.757);(13.704,74.536);(67.705,11.858);(50.445,16.878);(58.515,11.872);(63.981,27.944);(148.476,16.157);(16.84,71.207);(52.338,10.959);(62.51,21.789);(57.934,27.4);(69.273,32.167);(55.318,11.943);(42.947,14.883);(60.896,12.734);(159.038,20.11);(47.397,17.697);(40.063,8.185)
(19.131,3.981);(28.69,11.568);(8.363,38.557);(8.574,44.418);(29.328,6.101);(33.639,12.537);(33.736,7.071);(26.989,11.345);(81.951,11.271);(7.848,40.805);(19.371,3.798);(23.983,10.209);(29.499,12.348);(22.031,9.119);(33.095,5.332);(23.602,9.5);(23.457,4.314);(86.164,9.316);(32.607,10.831);(22.666,3.945)
(18.892,4.014);(14.264,6.545);(6.514,31.988);(4.052,18.418);(21.859,4.716);(25.224,10.385);(15.155,3.16);(15.461,6.401);(70.78,7.582);(3.924,15.379);(24.759,4.683);(17.816,6.601);(17.854,7.164);(23.881,10.668);(18.578,3.055);(17.137,5.919);(19.686,4.075);(61.272,7.828);(22.272,9.56);(20.309,4.206)
(60.36,9.699);(48.922,19.971);(9.39,37.372);(11.616,62.07);(59.123,10.239);(58.854,22.558);(57.023,12.853);(48.514,20.208);(114.01,11.595);(13.113,51.162);(51.836,8.455);(54.174,20.948);(49.714,19.327);(34.645,12.771);(56.687,10.007);(46.506,16.502);(43.56,8.499);(137.029,14.226);(35.372,13.022);(38.874,8.087)
(18.635,4.436);(19.148,6.187);(5.012,22.919);(4.868,18.964);(17.305,2.824);(25.841,10.074);(27.785,5.326);(28.177,10.076);(59.914,6.706);(6.883,35.216);(28.248,5.23);(25.202,8.722);(24.617,10.697);(18.818,7.032);(30.847,6.73);(21.401,8.271);(30.583,5.055);(59.767,6.223);(29.276,10.203);(22.717,4.982)
(20.677,3.974);(13.791,5.197);(4.834,22.309);(5.634,25.733);(17.093,3.2);(21.861,9.229);(20.776,3.879);(18.116,5.906);(63.122,9.211);(3.282,18.248);(17.492,3.789);(18.27,6.479);(16.77,6.258);(20.365,9.628);(16.714,3.377);(19.783,7.544);(15.541,3.434);(53.14,5.944);(14.333,5.596);(15.697,3.391)
(8.313,1.414);(13.665,5.795);(3.523,15.989);(3.258,14.823);(14.174,2.366);(14.023,5.783);(15.064,2.628);(8.531,2.865);(36.348,4.299);(3.014,16.312);(11.954,2.532);(11.775,4.686);(12.314,4.414);(14.877,5.215);(9.255,1.622);(11.572,3.836);(8.688,1.887);(31.517,4.095);(9.516,4.158);(10.747,1.978)
(45.627,7.676);(58.031,18.609);(14.52,54.684);(17.314,84.727);(47.682,9.161);(71.678,24.738);(60.791,13.082);(55.825,20.623);(176.383,19.987);(11.717,63.346);(64.136,11.936);(47.788,21.188);(74.386,29.414);(69.636,25.414);(73.918,16.887);(57.108,19.697);(48.367,8.903);(176.182,22.131);(69.894,24.81);(48.298,8.081)
(21.889,4.648);(14.043,5.264);(5.191,24.622);(4.79,23.381);(12.666,2.773);(21.094,8.68);(19.354,4.227);(19.3,6.357);(52.264,6.446);(4.969,19.219);(15.891,3.21);(13.646,4.937);(12.054,5.428);(18.909,6.369);(19.882,4.36);(12.568,4.992);(20.071,3.952);(60.581,8.718);(19.402,7.231);(21.362,3.92)
(34.863,6.616);(28.145,12.384);(12.146,54.325);(7.142,38.024);(30.282,5.075);(35.285,14.634);(43.264,8.975);(30.253,13.234);(111.622,11.283);(7.92,35.98);(32.405,7.583);(35.475,12.375);(30.014,14.245);(33.689,13.713);(47.878,8.03);(46.994,17.575);(49.373,10.928);(92.858,13.539);(36.477,16.692);(31.5,6.893)
(61.016,10.128);(36.574,13.4);(15.81,63.044);(11.753,49.422);(51.674,9.116);(58.005,26.101);(46.331,10.213);(59.841,27.421);(128.287,16.814);(10.268,47.874);(39.835,7.591);(61.568,19.997);(39.046,15.846);(36.235,13.645);(51.888,9.791);(47.371,15.273);(63.109,11.998);(125.592,17.125);(47.642,18.28);(60.213,12.067)
(35.054,7.746);(59.952,19.735);(14.407,58.536);(15.483,61.459);(57.663,9.639);(40.145,14.277);(57.208,12.814);(53.382,20.249);(120.839,13.498);(15.544,60.106);(39.848,7.916);(33.52,16.016);(40.312,12.976);(49.049,16.608);(51.03,9.086);(49.372,17.664);(59.349,9.532);(127.393,16.77);(56.044,21.704);(37.618,9.018)
(32.253,5.384);(26.078,11.221);(7.111,35.217);(7.565,40.15);(20.181,4.261);(35.216,14.43);(34,5.463);(22.003,9.226);(68.443,6.951);(6.772,30.304);(26.011,5.153);(36.183,13.088);(20.07,8.92);(34.723,14.638);(29.834,6.004);(24.809,11.89);(28.446,5.066);(92.414,13.485);(22.233,7.911);(22.724,4.931)
(23.388,4.999);(26.288,12.25);(6.198,26.03);(9.101,34.314);(35.102,7.477);(35.295,12.027);(25.73,5.605);(27.703,10.481);(101.67,13.655);(8.46,46.746);(35.047,7.902);(24.018,10.269);(32.728,15.452);(33.644,14.266);(22.747,4.952);(36.936,13.342);(22.222,4.563);(80.999,11.42);(33.441,11.601);(29.286,4.89)
(56,10.013);(45.398,17.97);(16.326,84.764);(13.773,73.805);(53.175,12.114);(53.146,21.125);(43.628,9.237);(64.184,21.644);(145.532,14.512);(10.069,40.028);(42.713,7.929);(64.896,28.611);(51.653,21.929);(55.368,22.357);(48.158,11.036);(44.562,16.969);(49.91,8.688);(124.413,15.18);(58.622,24.186);(40.499,7.84)
(46.946,10.337);(62.668,22.575);(11.464,60.24);(11.673,47.998);(69.221,15.623);(67.645,22.081);(70.167,12.941);(55.359,21.089);(165.188,18.561);(11.701,47.367);(67.587,12.04);(60.244,19.757);(67.983,23.871);(46.983,15.61);(45.255,10.356);(61.06,22.633);(48.883,9.228);(167.395,19.433);(48.996,18.559);(68.065,16.136)
(2.502,0.434);(1.983,0.895);(0.463,2.154);(0.564,2.729);(2.291,0.485);(2.134,1.019);(2.195,0.413);(2.215,0.868);(5.922,0.641);(0.616,2.489);(1.465,0.277);(2.279,0.939);(1.63,0.686);(1.568,0.683);(2.3,0.509);(1.968,0.633);(2.295,0.506);(5.297,0.562);(1.546,0.642);(2.092,0.402)
(34.358,6.473);(34.972,16.023);(10.693,45.979);(10.834,47.733);(30.277,5.366);(51.575,16.657);(41.259,7.967);(38.802,15.629);(115.913,15.237);(7.7,42.435);(33.612,6.341);(37.592,13.143);(48.598,15.918);(36.595,17.345);(35.636,5.979);(37.934,18.195);(36.764,7.244);(127.965,16.591);(50.464,19.178);(42.695,9.586)
(3.476,0.699);(2.65,0.966);(1.038,4.577);(0.752,2.896);(3.718,0.729);(4.224,1.797);(4.193,0.721);(4.08,1.629);(13.47,1.958);(1.095,6.096);(4.101,0.933);(3.9,1.72);(4.264,1.462);(3.677,1.329);(4.147,0.985);(3.409,1.449);(3.827,0.629);(9.804,1.419);(3.73,1.53);(2.89,0.524)
(42.193,8.762);(28.774,9.601);(10.862,42.971);(9.249,51.121);(42.552,9.419);(34.276,15.228);(40.43,7.237);(46.014,16.808);(108.316,15.082);(10.422,41.36);(31.574,6.526);(31.085,10.148);(50.2,20.346);(43.539,15.22);(47.482,9.056);(30.659,13.628);(32.448,7.115);(125.431,16.73);(49.943,17.34);(32.607,7.533)
(21.473,3.798);(28.578,11.578);(5.208,25.327);(7.454,38.557);(16.105,3.328);(21.553,7.868);(20.117,3.874);(18.264,7.403);(60.8,7.567);(4.886,21.765);(25.819,4.153);(18.507,8.325);(20.68,7.469);(16.56,7.446);(17.638,4.085);(22.771,8.793);(22.224,4.125);(66.457,6.983);(28.24,12.135);(18.406,4.306)
(54.535,8.755);(36.223,13.228);(13.41,52.305);(11.85,59.939);(36.443,8.48);(50.699,19.607);(53.94,12.485);(46.677,17.755);(123.243,14.705);(10.896,48.77);(48.877,9.506);(34.429,13.645);(32.592,11.439);(36.911,14.966);(35.998,6.413);(36.594,14.018);(47.667,9.274);(115.164,14.379);(49.266,23.536);(39.747,7.623)
(38.177,6.294);(36.515,13.673);(7.418,29.011);(8.678,39.527);(52.17,11.312);(41.525,14.54);(47.023,7.586);(38.609,14.029);(123.325,12.965);(9.535,41.39);(42.353,8.548);(52.739,20.769);(50.508,23.801);(48.84,22.334);(31.895,7.033);(51.445,20.9);(51.335,11.91);(129.489,12.804);(46.05,14.795);(36.145,7.723)
(36.468,8.252);(25.551,12.004);(9.972,44.643);(11.723,47.039);(33.766,7.069);(31.19,10.139);(47.032,7.582);(32.176,14.847);(88.389,12.51);(8.961,49.954);(36.416,7.491);(34.306,11.665);(32.634,12.489);(33.558,12.555);(35.736,5.933);(29.582,13.039);(30.773,5.218);(116.562,13.262);(30.753,13.667);(44.681,8.006)
(3.928,0.792);(3.636,1.711);(0.936,5.206);(1.482,6.925);(6.011,1.386);(6.431,2.418);(5.084,0.935);(4.425,1.722);(22.531,2.591);(1.455,5.492);(3.99,0.788);(5.23,2.367);(6.465,2.364);(4.485,1.52);(5.511,1.214);(6.141,2.738);(5.15,1.132);(14.544,2.045);(6.466,2.069);(4.238,0.971)
(19.296,3.567);(17.301,7.966);(3.941,14.945);(3.512,18.688);(18.555,3.999);(17.759,6.478);(21.122,4.509);(13.867,6.042);(53.269,7.801);(3.582,18.475);(12.538,2.045);(18.881,6.19);(19.782,9.161);(14.166,5.217);(13.686,2.806);(18.099,7.108);(13.881,2.456);(40.111,4.619);(21.384,8.756);(15.214,3.168)
(61.899,10.557);(54.02,18.045);(14.919,63.21);(10.869,45.572);(39.708,6.665);(42.289,16.692);(58.764,10.089);(38.862,18.257);(157.293,22.96);(12.777,60.241);(48.816,11.028);(48.641,21.138);(59.746,19.638);(49.61,17.589);(63.548,14.282);(53.134,22.24);(39.356,7.542);(128.8,13.847);(52.057,21.17);(65.487,10.804)
(30.686,5.176);(35.798,11.718);(10.345,55.31);(11.118,42.807);(35.94,6.147);(48.174,23.079);(27.562,5.999);(37.476,17.357);(123.961,15.058);(12.009,47.491);(28.283,5.161);(47.875,15.412);(29.374,13.659);(47.418,18.544);(45.667,7.786);(27.182,12.564);(35.092,7.529);(95.609,11.178);(43.848,14.906);(41.464,8.096)
(5.767,1.083);(3.788,1.786);(1.174,5.791);(1.438,7.066);(4.583,0.781);(6.044,2.516);(4.872,1.036);(5.123,2.422);(21.042,2.375);(1.317,5.08);(4.531,1.073);(4.976,1.852);(3.483,1.157);(4.811,2.025);(6.088,1.433);(3.583,1.697);(6.207,1.317);(14.191,2.086);(3.538,1.628);(3.429,0.742)
(53.134,10.142);(53.008,19.257);(16.237,63.568);(17.155,69.301);(70.201,11.528);(58.04,25.814);(61.36,11.241);(69.485,27.396);(149.025,18.964);(10.728,53.73);(51.074,10.513);(40.576,13.959);(43.678,14.072);(50.394,19.53);(49.702,8.856);(70.453,26.299);(58.241,11.584);(142.602,14.492);(60.788,24.081);(40.747,9.291)
(3.061,0.528);(2.403,1.112);(0.9,4.154);(0.82,4.301);(3.056,0.533);(3.473,1.328);(2.917,0.529);(2.346,0.981);(10.937,1.216);(0.867,3.918);(1.988,0.45);(2.87,1.326);(2.957,1.407);(2.835,1.222);(2.133,0.442);(2.876,1.045);(3.634,0.713);(9.629,1.25);(3.499,1.63);(2.99,0.614)
(46.934,8.482);(73.43,27.141);(15.414,73.813);(16.38,88.823);(52.235,10.785);(49.946,17.748);(73.551,12.075);(45.516,15.841);(147.255,18.651);(11.723,47.887);(51.078,9.39);(54.799,19.569);(73.076,31.17);(74.679,29.504);(60.439,11.096);(59.904,27.012);(54.453,8.807);(147.483,16.21);(53.675,17.907);(62.619,12.47)
(41.32,8.78);(27.456,11.285);(9.019,45.252);(10.114,46.302);(42.465,8.477);(31.662,14.397);(30.129,6.091);(33.89,11.568);(120.726,11.853);(10.116,47.842);(27.666,5.742);(35.939,13.143);(29.69,11.098);(40.571,16.86);(39.206,7.061);(44.797,15.373);(37.981,7.526);(121.443,16.093);(28.618,10.137);(45.717,10.364)
(58.59,13.531);(69.964,29.413);(10.645,54.429);(15.111,66.571);(44.463,7.491);(59.814,19.632);(68.02,14.096);(51.203,20.378);(145.143,18.192);(18.077,91.114);(65.354,13.643);(51.735,21.267);(53.892,20.258);(52.741,21.288);(54.497,9.68);(54.016,17.425);(53.255,11.798);(153.832,16.968);(61.117,21.68);(44.57,9.122)
(32.21,5.593);(33.91,15.367);(7.338,40.464);(7.417,28.472);(23.586,4.035);(18.434,6.51);(29.392,5.122);(28.24,11.034);(89.387,10.617);(5.147,21.283);(20.751,3.334);(28.766,12.028);(28.247,9.622);(19.409,8.496);(18.614,3.843);(30.033,10.919);(33.129,7.895);(78.501,8.803);(27.985,13.23);(33.514,5.883)
(5.441,1.124);(6.161,2.716);(1.212,4.751);(1.069,5.463);(5.155,1.219);(4.338,1.932);(5.142,0.844);(6.118,2.18);(15.716,1.571);(0.955,3.922);(5.781,1.018);(4.879,1.821);(3.874,1.666);(6.066,2.73);(4.515,0.934);(4.645,1.546);(3.814,0.865);(13.042,1.616);(5.357,2.429);(4.22,0.974)
(47.135,11.047);(41.124,17.811);(7.364,29.941);(8.538,46.133);(48.272,10.005);(35.935,14.723);(37.457,7.199);(28.055,12.312);(111.526,15.244);(11.251,49.132);(48.361,10.247);(30.635,12.145);(33.683,11.094);(30.992,10.788);(49.447,8.586);(35.65,13.759);(45.572,10.621);(125.766,13.028);(29.463,12.302);(38.038,6.458)
(37.67,9.037);(37.497,15.955);(12.884,52.082);(10.106,54.547);(52.066,11.858);(33.856,11.369);(32.886,7.05);(43.235,16.281);(135.012,16.118);(10.959,42.563);(33.133,7.399);(31.711,11.672);(49.061,15.826);(41.023,14.74);(47.783,7.654);(31.846,13.57);(49.085,8.087);(114.183,15.665);(31.985,12.167);(54.96,8.861)
(29.898,5.383);(41.199,18.043);(9.28,46.795);(9.059,36.04);(37.578,7.113);(28.673,13.312);(41.139,9.78);(27.115,8.847);(103.282,11.033);(9.079,49.688);(27.764,6.398);(29.41,9.933);(36.028,12.403);(26.657,10.152);(37.207,7.846);(34.612,16.214);(32.862,5.565);(97.461,12.114);(35.143,14.867);(33.713,6.243)
(25.251,5.321);(33.621,14.775);(7.479,41.991);(8.024,35.66);(25.94,4.797);(26.318,9.871);(28.484,6.088);(23.832,8.709);(77.893,9.636);(10.265,41.948);(28.69,4.722);(29.399,12.821);(32.881,11.512);(31.309,10.424);(32.265,5.478);(27.178,11.779);(26.001,6.088);(92.52,9.923);(36.199,13.875);(24.739,5.873)
(26.528,5.98);(39.816,18.325);(6.613,36.556);(10.732,47.375);(32.745,6.232);(37.394,13.002);(36.114,8.211);(36.031,14.893);(87.174,11.779);(8.804,34.434);(31.064,6.171);(26.099,10.075);(33.401,15.563);(32.02,12.239);(28.116,4.565);(29.105,13.192);(24.074,5.079);(95.898,11.091);(35.58,13.138);(35.223,8.061)
(49.952,8.438);(72.211,30.783);(18.802,72.507);(13.482,56.335);(64.274,10.376);(56.605,19.947);(68.422,11.307);(52.036,21.565);(171.406,18.279);(16.176,90.837);(74.731,11.995);(49.899,22.803);(63.987,24.4);(75.768,25.648);(68.962,16.222);(50.617,17.708);(65.481,13.633);(172.785,22.501);(70.946,27.913);(61.918,12.184)
(20.202,3.572);(16.276,6.403);(4.659,22.423);(5.852,29.446);(24.762,5.184);(25.406,9.712);(26.188,4.634);(19.899,7.007);(69.667,9.644);(4.01,21.455);(27.879,5.037);(16.829,6.52);(19.198,9.023);(20.825,7.134);(19.927,4.246);(24.973,8.608);(20.307,3.391);(71.975,9.687);(17.848,7.032);(23.947,4.883)
(32.037,6.062);(30.79,13.878);(5.671,22.244);(5.913,26.106);(24.076,5.436);(31.898,11.099);(34.193,7.249);(36.369,17.038);(83.55,10.657);(6.866,28.938);(30.295,6.927);(21.73,9.006);(38.319,16.161);(24.107,8.424);(29.369,4.892);(33.293,13.854);(35.62,7.719);(93.492,11.312);(38.087,14.204);(34.739,6.795)
(40.988,9.812);(49.64,16.311);(7.84,34.741);(10.8,47.394);(47.498,8.192);(34.096,15.634);(48.198,9.018);(44.282,20.039);(110.908,13.06);(8.57,39.29);(37.625,7.399);(37.923,16.768);(48.223,18.094);(43.696,17.048);(28.186,4.542);(35.142,16.48);(32.82,7.499);(93.734,11.03);(47.093,16.952);(37.509,7.781)
(60.877,13.105);(62.569,21.756);(10.393,43.204);(12.28,46.401);(67.271,14.365);(56.806,23.176);(61.262,10.854);(58.998,22.107);(161.191,18.776);(12.091,51.98);(41.085,9.576);(54.742,21.56);(57.022,18.865);(66.634,26.951);(61.757,12.974);(42.905,17.487);(58.292,12.02);(151.262,18.125);(54.735,22.661);(59.144,11.782)
(12.743,2.633);(11.088,4.458);(1.96,10.296);(3.419,16.274);(8.005,1.88);(8.043,3.8);(11.301,2.648);(12.442,4.572);(38.084,4.888);(2.888,15.185);(12.23,2.46);(7.542,3.015);(8.08,3.035);(13.381,4.61);(8.831,2.06);(9.294,4.05);(10.715,2.241);(26.429,3.858);(10.674,3.626);(10.693,2.534)
(34.762,6.832);(46.9,15.107);(11.744,48.749);(10.846,51.414);(50.905,8.467);(45.621,20.529);(49.555,8.337);(49.294,21.577);(134.991,14.748);(11.14,60.096);(42.037,8.434);(62.242,28.098);(49.986,23.126);(42.736,18.006);(56.707,11.443);(44.105,14.362);(34.936,8.208);(141.499,14.778);(38.35,12.888);(46.054,9.015)
(44.981,10.361);(55.263,22.665);(15.029,79.844);(17.273,84.03);(69.929,14.956);(41.996,17.437);(45.773,9.844);(43.782,17.928);(174.451,21.517);(10.59,51.361);(59.89,11.71);(56.233,21.051);(62.287,24.25);(66.131,28.729);(63.935,11.052);(42.915,19.271);(58.58,11.014);(157.401,15.508);(47.091,15.475);(72.604,12.414)
(9.266,1.959);(10.039,3.299);(3.765,16.138);(2.815,15.644);(15.835,3.168);(8.64,2.785);(10.106,2.213);(13.701,4.543);(31.787,3.712);(2.694,10.807);(10.9,1.748);(13.519,4.529);(12.083,4.234);(9.428,3.909);(8.931,1.772);(9.411,4.495);(10.864,1.823);(29.585,3.991);(12.052,4.23);(15.464,3.305)
(5.837,1.086);(7.171,3.132);(1.734,8.824);(1.64,6.629);(7.503,1.386);(6.536,2.518);(5.239,1.123);(7.202,2.84);(20.188,2.502);(1.594,6.769);(5.458,0.989);(5.241,2.49);(5.389,2.185);(6.218,2.818);(7.068,1.684);(7.568,3.182);(6.283,1.321);(17.911,2.102);(6.061,2.776);(4.863,0.874)
(28.095,4.794);(26.922,9.408);(8.414,39.531);(7.772,30.536);(21.79,4.615);(36.117,12.203);(29.213,4.981);(26.36,9.625);(97.363,11.534);(8.069,31.43);(26.433,6.192);(33.779,15.945);(25.2,9.313);(26.753,9.836);(20.868,3.884);(27.893,11.389);(32.564,5.864);(92.318,12.776);(27.175,9.542);(35.45,7.738)
(24.586,4.906);(23.311,11.037);(7.411,32.499);(6.962,36.628);(19.104,3.074);(19.563,7.65);(18.21,3.428);(25.957,8.674);(62.084,6.534);(4.981,22.798);(20.192,3.663);(18.919,7.88);(18.26,7.46);(16.098,7.109);(28.34,4.702);(16.195,6.399);(29.078,6.805);(61.295,8.06);(24.371,9.038);(17.802,3.029)
(65.689,14.171);(64.84,28.611);(19.526,87.929);(18.249,84.681);(50.418,8.471);(62.244,28.455);(68.608,16.339);(68.698,25.587);(173.588,22.415);(11.525,58.154);(66.266,10.688);(62.53,28.112);(68.827,23.844);(56.349,23.558);(53.443,11.694);(61.18,28);(72.014,17.204);(174.067,21.728);(48.624,19.821);(72.551,16.554)
(35.856,7.78);(34.866,11.201);(5.454,26.008);(7.573,36.492);(30.002,5.11);(28.049,12.887);(35.742,8.161);(29.275,13.095);(90.758,9.935);(8.994,48.994);(22.993,4.239);(23.287,8.179);(28.688,12.181);(34.965,11.211);(22.508,5.112);(21.246,7.476);(34.687,7.882);(101.725,11.363);(35.558,13.017);(23.097,4.962)
(44.4,9.179);(46.383,15.672);(15.157,58.983);(17.124,64.462);(59.437,10.765);(45.467,19.432);(58.415,11.237);(43.394,18.62);(174.009,23.722);(12.712,48.734);(61.621,12.655);(55.519,23.765);(53.026,19.172);(62.675,24.875);(52.893,11.998);(50.239,21.977);(51.038,8.482);(178.874,24.222);(44.75,18.488);(73.912,15.989)
(53.238,11.493);(56.549,21.347);(14.095,77.464);(17.369,92.832);(75.826,16.753);(74.305,31.988);(70.15,13.888);(67.422,27.095);(169.68,23.269);(13.379,52.542);(64.929,13.91);(63.954,27.62);(65.813,31.48);(59.522,24.852);(71.315,12.888);(62.144,28.412);(63.257,12.931);(183.152,26.1);(53.598,18.646);(46.005,9.074)
(36.687,7.03);(29.396,9.425);(10.882,42.783);(10.476,56.29);(32.992,6.178);(33.601,13.928);(35.657,7.502);(35.41,12.818);(112.219,15.116);(8.287,37.005);(33.365,6.546);(39.263,17.848);(38.492,15.805);(35.094,12.143);(31.238,5.301);(30.353,11.873);(32.582,5.305);(94.261,10.198);(27.725,12.431);(34.66,6.902)
(62.432,13.32);(49.783,18.644);(13.425,59.986);(13.792,75.784);(55.74,9.034);(60.718,26.463);(58.453,11.673);(80.519,30.399);(189.164,25.805);(19.943,95.191);(61.048,11.66);(55.125,21.293);(53.925,18.005);(74.947,29.451);(57.115,13.302);(80.456,29.532);(52.791,11.875);(183.294,26.664);(65.523,30.802);(76.745,17.965)
(44.964,7.24);(50.071,18.917);(20.205,92.581);(19.147,93.681);(51.661,12.357);(74.701,29.997);(61.162,12.214);(46.997,21.196);(164.664,22.358);(11.504,45.973);(55.62,12.434);(56.372,20.993);(52.347,21.03);(71.18,33.593);(74.329,13.426);(54.117,19.086);(53.368,11.697);(171.679,20.678);(48.135,18.795);(76.554,14.502)
(27.546,6.272);(30.032,13.171);(7.439,36.253);(8.257,36.765);(21.256,3.659);(30.445,11.442);(25.29,5.696);(34.935,15.374);(81.746,10.526);(7.597,31.894);(36.345,8.51);(29.145,13.658);(28.907,12.699);(37.987,18.214);(38.501,8.608);(30.4,12.442);(24.38,5.452);(92.767,9.238);(36.368,15.938);(32.973,5.548)
(51.727,10.673);(53.132,25.35);(10.191,46.697);(10.242,43.659);(37.981,7.411);(38.405,16.771);(55.316,10.112);(32.737,15.251);(128.037,14.966);(8.999,37.757);(50.012,11.435);(45.024,16.224);(44.511,20.541);(47.724,18.273);(31.044,5.607);(31.266,14.768);(43.485,7.138);(128.408,14.943);(38.52,16.302);(31.563,5.461)
(34.58,6.99);(30.208,10.791);(9.964,54.901);(6.486,25.442);(31.887,5.745);(29.023,10.409);(29.09,6.896);(27.054,11.276);(110.204,14.064);(7.965,39.601);(31.719,5.367);(33.642,10.974);(34.996,16.705);(33.81,11.734);(25.763,5.854);(35.475,14.279);(45.095,9.308);(102.17,11.622);(30.702,11.675);(44.295,8.688)
(25.73,6.06);(17.572,8.103);(7.46,30.452);(4.584,23.26);(18.74,3.984);(24.561,9.994);(19.477,3.723);(24.115,9.454);(79.326,9.417);(5.868,30.104);(20.119,4.144);(26.078,11.51);(26.451,9.687);(17.949,6.51);(24.114,4.42);(17.999,6.434);(26.753,4.325);(73.63,7.6);(22.753,7.538);(27.218,4.57)
(39.875,9.294);(43.89,14.563);(15.67,59.845);(9.848,42.252);(58.152,10.228);(52.844,18.744);(46.258,9.601);(35.504,16.932);(121.314,13.176);(15.243,57.531);(55.947,10.947);(35.833,14.862);(35.577,14.947);(51.28,18.367);(57.806,10.204);(60.568,26.128);(35.399,8.073);(118.176,14.657);(49.217,17.153);(45.846,8.441)
(71.92,11.692);(61.284,20.834);(18.745,80.329);(15.374,67.904);(61.599,11.171);(46.508,17.595);(51.883,10.738);(74.193,24.428);(171.815,17.261);(19.6,106.242);(47.661,10.874);(54.104,24.404);(60.866,24.269);(73.991,25.242);(74.474,13.608);(58.033,21.145);(53.333,12.501);(150.711,18.655);(65.78,30.475);(61.833,14.205)
(70.952,16.677);(69.742,24.12);(16.764,89.871);(12.026,45.861);(69.894,16.398);(72.09,31.924);(53.428,10.467);(58.949,22.464);(162.222,22.496);(17.563,91.224);(52.941,11.23);(67.74,30.873);(64.019,26.518);(52.802,20.078);(72.564,16.466);(62.116,27.743);(71.567,13.9);(179.312,24.572);(54.47,19.073);(66.636,12.239)
(21.352,3.637);(21.752,9.34);(6.073,26.126);(6.419,29.261);(24.235,4.509);(18.626,7.922);(17.604,3.104);(18.477,6.535);(68.725,9.795);(5.224,27.66);(24.864,4.945);(21.277,10.178);(25.425,9.131);(19.522,7.449);(23.979,4.489);(21.181,7.29);(17.622,3.702);(56.144,6.974);(14.745,5.354);(19.176,4.245)
(51.554,9.176);(71.17,26.874);(17.781,97.044);(19.731,81.204);(74.588,14.548);(50.225,21.349);(63.785,15.179);(49.068,16.716);(169.888,22.311);(18.376,70.491);(49.508,9.965);(68.38,31.172);(54.309,24.171);(68.667,23.135);(69.184,11.692);(66.586,25.829);(48.763,8.682);(161.919,22.93);(62.484,21.448);(64.187,14.96)
(72.613,13.139);(49.466,16.266);(15.001,56.772);(12.088,67.981);(55.024,9.217);(53.411,23.02);(77.661,15.255);(54.646,21.343);(178.316,17.981);(12.36,62.989);(46.857,8.345);(52.951,23.638);(59.929,20.544);(58.105,21.153);(68.989,14.636);(60.037,21.035);(70.569,13.429);(191.226,23.28);(62.55,28.972);(52.229,10.173)
(49.476,8.273);(37.023,13.068);(14.397,54.406);(8.653,40.749);(36.176,7.838);(47.741,20.708);(58.281,9.38);(45.567,16.605);(136.98,16.816);(9.088,49.478);(40.231,8.799);(32.356,14.235);(34.593,15.891);(36.054,16.955);(52.278,9.079);(37.305,14.212);(57.335,11.349);(110.603,13.61);(58.002,18.911);(51.474,8.926)
(42.414,7.034);(32.634,14.759);(10.657,45.823);(7.5,29.744);(43.951,9.681);(35.026,13.467);(27.328,6.487);(36.106,12.644);(122.245,12.757);(12.752,51.72);(44.301,9.438);(43.446,19.315);(35.939,13.893);(45.422,19.523);(48.071,7.862);(42.246,14.317);(35.807,5.792);(95.667,9.725);(38.524,12.994);(37.556,8.932)
(32.027,6.591);(22.041,9.545);(5.858,27.265);(6.795,36.32);(22.863,3.949);(29.314,11.569);(30.875,6.667);(19.224,8.222);(66.686,6.849);(6.715,28.451);(26.494,6.19);(21.996,7.839);(24.132,11.056);(21.87,7.229);(20.929,4.711);(26.509,9.601);(22.499,4.779);(84.83,8.726);(23.931,9.305);(25.156,4.409)
(22.431,3.683);(33.042,13.25);(6.254,26.755);(9.911,44.424);(33.861,5.73);(32.322,13.718);(38.567,7.768);(31.132,11.093);(99.607,10.917);(6.146,31.992);(33.158,7.17);(39.336,12.597);(23.693,9.249);(33.274,11.765);(33.918,6.882);(35.943,15.403);(26.294,5.247);(98.78,12.057);(26.009,10.549);(22.615,4.369)
(65.066,13.761);(35.452,13.092);(16.327,74.526);(16.068,69.052);(38.148,8.643);(58.696,19.823);(61.59,11.959);(37.642,12.197);(120.985,13.569);(11.039,53.458);(55.157,10.767);(38.72,13.172);(46.454,20.229);(39.502,16.984);(47.862,9.709);(64.216,23.887);(58.403,11.432);(140.832,15.314);(46.105,17.21);(36.803,7.96)
(30.908,6.968);(35.906,12.383);(8.011,41.159);(11.381,63.481);(30.287,5.101);(35.292,12.486);(28.457,4.925);(31.062,14.84);(90.237,10.517);(9.312,35.122);(31.832,5.564);(45.656,20.665);(40.2,13.526);(40.162,18.232);(34.72,7.755);(29.58,10.548);(34.63,6.558);(105.078,11.735);(37.215,13.84);(33.091,7.692)
(5.961,1.016);(6.306,2.761);(1.333,6.087);(1.207,5.885);(6.901,1.473);(5.446,2.454);(5.148,1.083);(4.473,1.746);(18.683,2.248);(1.359,7.115);(5.512,1.093);(7.047,2.66);(4.151,1.702);(3.938,1.276);(4.459,0.792);(7.07,2.634);(4.534,1.078);(21.418,2.582);(5.157,2.317);(6.918,1.203)
(21.584,4.453);(28.088,12.276);(5.87,26.803);(6.396,27.668);(19.605,3.947);(18.166,7.473);(21.803,4.069);(24.948,10.376);(54.082,7.911);(5.218,27.871);(25.32,4.395);(17.903,7.37);(22.747,9.538);(19.554,8.39);(17.768,3.648);(27.84,9.814);(20.792,4.217);(67.625,9.481);(27.192,10.033);(22.341,4.539)
(39.832,6.86);(42.114,19.748);(12.133,45.72);(9.49,51.726);(33.925,7.812);(43.436,18.505);(46.576,10.274);(46.543,18.294);(135.055,14.947);(11.666,52.31);(53.074,12.713);(56.441,21.784);(37.958,15.596);(34.567,15.175);(35.403,8.344);(51.089,17.047);(48.501,11.317);(116.162,12.709);(32.667,12.592);(32.735,6.631)
(32.413,7.695);(31.344,11.99);(8.166,40.821);(10.213,41.723);(48.185,10.834);(35.636,15.626);(46.275,9.105);(40.531,15.804);(130.369,18.691);(11.889,57.891);(32.54,5.799);(37.752,14.274);(49.636,16.645);(36.579,14.727);(38.709,6.722);(37.608,14.843);(31.182,6.361);(110.761,14.733);(33.107,12.647);(35.927,6.358)
(15.918,2.728);(20.346,7.548);(4.995,25.761);(6.411,33.091);(17.75,3.795);(16.137,6.3);(20.209,4.788);(16.114,5.337);(62.667,8.855);(6.377,25.296);(14.824,3.11);(22.344,9.616);(24.376,11.586);(14.298,5.906);(26.079,4.589);(24.918,9.249);(17.686,4.047);(74.507,7.857);(21.529,7.404);(17.494,3.749)
(54.048,10.621);(57.506,25.462);(11.731,52.413);(12.413,52.529);(40.928,9.272);(54.938,17.624);(53.693,12.785);(65.509,23.993);(146.032,20.22);(16.472,79.173);(62.125,12.031);(40.786,17.333);(52.952,24.559);(62.603,20.592);(62.571,10.702);(64.2,29.799);(41.469,9.003);(149.073,16.867);(45.555,16.808);(51.738,10.027)
(39.68,9.229);(46.442,18.769);(12.656,48.577);(10.378,44.497);(55.477,12.817);(54.004,19.502);(40.027,9.239);(41.989,13.704);(153.714,21.41);(18.073,98.735);(43.381,6.956);(70.707,27.7);(52.501,23.845);(52.012,18.636);(70.088,13.506);(53.271,23.568);(60.062,13.804);(137.53,14.728);(40.889,17.077);(67.113,11.549)
(49.536,10.694);(79.283,31.096);(22.673,104.003);(12.799,56.801);(52.095,9.72);(64.195,25.58);(52.218,10.099);(79.787,32.47);(188.912,18.767);(15.48,62.826);(74.083,12.157);(53.411,21.38);(70.536,23.61);(55.018,22.198);(65.473,10.794);(55.107,20.957);(78.083,18.274);(175.777,23.306);(75.377,29.2);(62.152,11.963)
(26.341,5.399);(32.703,12.229);(8.668,48.845);(5.928,30.822);(21.41,4.638);(20.966,8.783);(33.107,6.541);(36.784,15.91);(84.707,11.391);(8.738,37.533);(25.986,4.865);(26.622,11.264);(33.972,16.244);(36.638,12.463);(33.144,5.746);(28.889,13.646);(34.51,5.689);(101.195,11.5);(28.786,13.539);(35.405,5.836)
(23.499,4.909);(21.719,8.387);(7.569,34.939);(7.828,29.495);(24.188,5.399);(28.176,9.912);(28.554,5.886);(18.479,6.502);(85.927,11.69);(7.859,34.15);(18.23,3.366);(26.566,11.893);(27.581,9.914);(30.563,10.71);(16.774,2.917);(28.572,13.422);(23.803,5.46);(66.111,8.136);(29.698,13.591);(29.282,6.843)
(54.824,10.474);(43.702,18.388);(12.443,68.014);(11.712,52.311);(48.86,11.526);(64.717,30.963);(66.061,10.605);(64.441,26.351);(133.808,18.811);(15.932,67.011);(58.762,9.701);(64.953,29.796);(44.187,17.606);(48.645,15.577);(62.054,10.158);(62.271,20.149);(59.464,9.859);(126.074,16.525);(49.447,20.901);(39.412,7.466)
(7.892,1.781);(8.106,3.802);(2.334,12.788);(1.918,8.809);(7.528,1.642);(6.404,2.659);(10.946,2.039);(10.5,4.195);(28.918,3.74);(2.872,14.421);(7.375,1.451);(11.431,4.299);(8.913,3.936);(10.22,3.451);(10.155,1.772);(8.836,3.381);(7.713,1.788);(34.939,5.027);(10.781,5.114);(10.812,1.853)
(8.314,1.788);(8.63,3.634);(2.014,10.353);(1.518,7.191);(6.349,1.452);(9.227,3.953);(8.596,1.815);(9.469,3.901);(21.418,2.295);(2.15,9.205);(6.788,1.15);(9.03,3.67);(6.235,2.538);(6.677,2.306);(6.238,1.089);(8.15,2.667);(9.35,1.5);(18.907,1.97);(8.536,3.296);(7.837,1.367)
(18.676,4.324);(19.208,6.809);(4.083,17.456);(4.772,25.121);(11.164,2.645);(16.732,6.924);(11.377,1.952);(13.309,6.114);(54.006,6.104);(3.591,19.717);(18.027,3.605);(18.095,6.389);(11.653,5.195);(18.22,5.925);(10.715,1.893);(14.53,5.353);(15.692,2.785);(60.898,6.268);(17.809,7.894);(13.231,2.245)
(35.807,8.415);(36.378,15.218);(7.261,30.448);(8.134,43.281);(30.62,5.962);(34.836,15.859);(34.346,7.571);(23.133,10.415);(85.665,11.04);(8.783,40.225);(20.524,4.072);(28.364,10.597);(20.156,8.617);(35.012,14.299);(31.45,6.553);(25.236,8.332);(20.42,4.566);(78.763,8.642);(20.686,7.415);(29.936,5.381)
(65.254,11.627);(60.504,20.715);(15.725,84.787);(12.243,52.09);(60.596,11.544);(35.452,13.623);(35.535,8.358);(42.328,17.856);(134.469,13.709);(9.65,48.121);(45.863,8.557);(51.945,16.631);(37.695,13.779);(64.978,23.228);(36.943,6.488);(44.54,16.533);(57.482,11.097);(124.122,12.663);(36.195,13.112);(65.347,13.181)
(15.395,2.56);(24.132,10.68);(4.012,21.587);(3.53,16.582);(24.346,4.232);(23.93,8.377);(17.307,3.17);(16.226,5.833);(60.483,6.875);(6.189,31.668);(17.812,3.142);(20.254,9.114);(24.146,8.769);(21.8,9.879);(19.087,4.037);(22.147,9.737);(24.36,4.107);(48.155,6.059);(20.11,8.064);(14.88,3.135)
(11.652,2.287);(8.426,3.067);(1.911,7.978);(2.047,9.942);(7.969,1.864);(8.86,3.25);(7.572,1.734);(10.445,4.363);(42.897,5.186);(1.799,7.432);(8.358,1.591);(12.075,4.809);(9.565,3.444);(9.55,3.794);(10.657,1.788);(10.044,4.072);(10.669,2.455);(31.874,3.765);(10.782,3.613);(11.261,2.303)
(77.478,14);(54.041,17.609);(15.201,82.717);(13.968,70.558);(50.311,10.095);(60.325,26.006);(48.794,9.316);(79.828,29.058);(191.803,26.009);(21.27,96.447);(64.203,10.312);(59.802,20.092);(75.033,35.715);(65.818,22.524);(50.795,11.496);(77.409,30.528);(55.221,13.161);(175.499,21.223);(56.096,19.848);(69.141,13.228)
(31.146,6.41);(27.791,11.746);(7.939,30.544);(8.204,36.675);(32.586,6.507);(23.446,10.301);(27.6,5.752);(23.815,8.547);(92.596,9.796);(7.482,30.592);(33.974,6.012);(28.766,11.079);(26.04,12.175);(28.461,10.429);(20.175,3.509);(33.826,13.317);(20.05,3.715);(84.896,11.198);(19.794,6.569);(28.398,5.767)
(78.427,16.998);(73.554,31.963);(19.534,103.054);(14.2,54.194);(67.846,10.997);(80.482,35.962);(63.184,11.512);(57.579,20.986);(167.408,21.586);(17.316,93.587);(78.141,15.785);(73.736,30.588);(70.146,24.035);(51.217,19.745);(51.527,9.331);(77.068,36.48);(64.343,11.944);(181.571,23.297);(53.954,22.08);(66.425,14.649)
(25.582,6.027);(27.11,10.114);(7.351,31.159);(6.186,30.913);(29.77,6.511);(26.847,10.186);(26.349,5.868);(29.314,13.754);(70.968,9.624);(5.718,27.891);(19.921,3.888);(20.866,7.389);(22.495,10.772);(31.352,10.976);(19.717,3.529);(21.805,7.079);(19.571,3.306);(89.802,10.226);(18.383,8.055);(19.525,3.732)
(13.439,2.334);(19.235,6.291);(4.913,27.639);(4.413,21.084);(17.385,3.952);(11.581,4.155);(13.416,2.926);(15.769,6.98);(68.018,9.465);(4.857,19.358);(14.524,2.812);(14.229,6.178);(15.33,7.353);(11.122,4.454);(19.971,4.228);(12.512,5.068);(16.006,2.71);(37.283,4);(15.421,6.93);(13.081,2.117)
(30.081,5.757);(46.758,21.045);(10.615,55.09);(10.098,41.557);(42.158,7.104);(34.031,15.011);(36.019,5.932);(36.144,13.766);(102.422,10.073);(9.73,42.723);(32.786,6.099);(29.401,11.22);(35.181,16.605);(38.546,17.847);(35.964,7.4);(29.554,9.529);(43.198,8.525);(114.667,14.121);(41.844,18.056);(39.712,7.629)
(30.694,6.702);(36.016,17.009);(7.396,37.231);(7.171,29.704);(34.33,5.6);(28.318,9.962);(29.32,6.379);(44.642,17.828);(112.328,14.888);(8.566,36.638);(28.225,5.751);(36.824,14.377);(28.651,9.376);(44.771,19.106);(41.63,9.934);(43.499,17.202);(36.05,7.342);(102.708,10.826);(33.14,12.52);(45.119,9.033)
(26.626,4.631);(26.655,12.225);(7.088,38.872);(10.235,39.088);(28.717,5.711);(32.138,15.012);(25.84,4.605);(31.384,12.03);(94.591,10.202);(6.533,27.685);(24.423,4.36);(24.732,10.039);(28.064,12.158);(39.261,17.538);(26.887,6.404);(31.123,10.077);(40.667,7.101);(98.339,13.175);(35.036,11.255);(30.158,5.127)
(10.18,2.156);(14.89,4.909);(4.443,21.879);(3.418,14.677);(18.469,3.74);(10.847,3.663);(13.035,2.579);(16.146,7.613);(56.55,8.288);(3.401,17.589);(17.079,3.35);(14.098,6.583);(10.434,4.189);(13.671,5.683);(14.529,2.56);(15.165,6.862);(16.533,3.6);(36.829,3.869);(10.789,4.293);(10.925,2.257)
(22.73,4.176);(22.194,7.749);(8.757,37.337);(7.049,29.954);(32.899,7.516);(31.61,13.891);(22.743,4.721);(21.021,8.704);(94.583,11.143);(6.888,28.446);(20.301,4.848);(25.436,9.946);(21.471,9.76);(19.67,8.193);(31.948,7.664);(32.98,11.795);(24.878,4.374);(72.205,9.129);(29.723,11.063);(20.721,4.873)
(69.846,15.54);(45.482,18.01);(15.467,82.687);(14.767,65.991);(47.503,10.438);(53.597,24.665);(50.109,10.567);(57.052,19.304);(160.084,17.995);(12.04,66.091);(40.586,7.341);(41.216,16.016);(63.708,25.596);(61.237,28.005);(67.962,14.212);(43.208,18.354);(67.836,15.61);(148.34,17.812);(63.014,22.375);(56.73,10.208)
(34.67,6.599);(59.63,25.264);(15.371,79.105);(9.243,47.385);(47.286,7.713);(47.175,17.524);(44.152,7.499);(37.015,14.859);(144.358,19.533);(8.631,44.341);(40.674,7.559);(58.718,27.366);(46.857,17.834);(50.847,19.394);(39.535,7.305);(46.894,17.501);(37.433,8.007);(118.527,15.782);(43.061,16.745);(44.495,8.37)
(29.795,7.126);(25.552,8.734);(8.757,42.521);(9.017,36.197);(29.963,7.1);(27.007,12.224);(37.349,6.866);(40.7,13.429);(99.141,14.332);(9.729,48.275);(33.557,6.654);(40.66,14.105);(42.875,19.778);(29.522,11.626);(30.364,5.4);(35.897,13.213);(29.95,6.263);(95.113,10.117);(25.29,8.7);(31.471,6.631)
(42.842,8.216);(61.648,22.48);(15.182,81.7);(10.467,41.031);(45.259,8.223);(64.578,27.349);(42.027,9.228);(60.544,28.114);(167.964,18.91);(14.624,58.603);(55.278,12.373);(68.724,24.173);(61.671,29.518);(70.841,33.175);(71.668,12.667);(63.195,24.785);(60.409,13.062);(156.51,18.038);(70.04,28.598);(69.838,15.174)
(55.067,8.887);(51.127,23.114);(20.172,106.856);(13.429,72.244);(69.859,16.168);(67.431,23.679);(80.352,12.899);(50.968,18.11);(166.725,20.003);(17.745,93.238);(49.327,11.003);(74.888,33.906);(58.746,19.504);(55.103,24.348);(67.395,15.196);(67.779,29.196);(71.416,16.966);(176.021,21.798);(64.006,22.544);(64.657,12.753)
(36.881,6.551);(30.494,11.405);(7.995,32.732);(11.055,43.237);(34.995,6.556);(26.476,10.849);(45.534,9.233);(27.958,10.194);(115.66,13.16);(10.365,50.847);(33.818,7.906);(27.641,10.438);(39.724,14.635);(40.761,13.935);(40.968,7.831);(33.435,14.585);(44.605,7.366);(104.541,10.504);(42.889,18.511);(33.971,6.389)
(49.249,9.671);(63.783,24.868);(13.184,52.919);(20.065,96.858);(68.567,16.425);(63.179,20.703);(67.145,11.772);(60.024,26.68);(171.099,22.117);(20.265,95.057);(65.989,13.621);(60.33,28.685);(58.544,26.418);(49.753,16.979);(52.63,10.135);(80.381,31.339);(78.732,14.973);(189.56,23.138);(53.547,19.338);(80.231,17.182)
(25.595,4.551);(32.257,12.11);(7.431,31.396);(8.76,47.521);(26.505,4.877);(41.627,15.226);(34.892,7.311);(34.645,13.381);(105.716,13.744);(7.87,31.556);(36.16,7.819);(36.637,12.532);(34.939,12.065);(25.027,8.184);(30.567,5.698);(45.608,16.398);(30.745,5.789);(108.487,15.441);(33.941,14.616);(36.859,8.315)
(20.935,3.91);(17.92,6.833);(7.652,37.803);(6.16,27.362);(18.951,3.446);(17.979,6.235);(21.115,3.833);(18.293,6.209);(78.512,10.179);(4.63,23.251);(27.607,5.621);(17.711,6.743);(21.044,9.568);(29.638,10.925);(31.09,5.438);(18.891,7.466);(18.437,3.425);(85.52,11.969);(20.983,7.382);(19.845,3.399)
(72.394,13.32);(48.935,20.622);(16.42,86.235);(12.549,58.799);(71.443,16.655);(49.425,23.157);(66.24,14.354);(60.985,25.053);(169.42,20.184);(19.228,77.406);(47,9.737);(73.453,34.745);(58.702,20.22);(54.435,22.303);(67.158,13.475);(65.926,26.348);(56.27,9.797);(167.992,24.565);(44.486,14.539);(53.287,12.783)
(2.939,0.53);(1.613,0.598);(0.514,1.932);(0.544,2.522);(2.237,0.472);(1.903,0.813);(2.886,0.64);(1.739,0.747);(7.761,1.118);(0.473,1.911);(2.713,0.473);(1.707,0.569);(2.675,1.275);(2.269,0.728);(1.772,0.364);(2.346,0.891);(2.693,0.629);(5.435,0.709);(1.651,0.747);(2.018,0.375)
(25.734,4.29);(32.924,12.043);(8.429,46.154);(6.69,29.099);(30.963,7.398);(33.992,12.679);(23.392,4.452);(36.849,16.938);(75.536,7.436);(7.766,39.77);(27.859,4.489);(25.496,11.985);(28.919,10.004);(24.321,9.203);(30.241,4.881);(38.855,14.623);(29.832,5.084);(78.686,8.861);(36.086,16.3);(23.693,4.267)
(21.605,4.464);(20.329,7.975);(4.5,21.63);(7.346,31.471);(18.531,3.242);(28.514,9.514);(23.906,4.415);(18.809,7.94);(68.654,8.463);(4.43,18.655);(27.962,5.677);(18.371,8.517);(20.301,7.021);(28.276,11.297);(18.819,4.133);(17.224,5.989);(30.673,5.889);(89.088,11.667);(30.252,13.844);(25.397,5.034)
(4.812,1.055);(7.142,2.974);(1.187,5.859);(1.431,7.72);(7.47,1.559);(6.919,3.083);(6.587,1.366);(6.861,3.199);(20.066,2.885);(1.585,6.223);(6.06,1.319);(4.287,1.847);(7.393,2.448);(4.152,1.814);(6.642,1.569);(4.172,1.924);(5.617,0.953);(15.165,1.836);(4.441,2.09);(5.924,1.415)
(50.5,9.594);(55.732,19.879);(10.123,53.748);(13.623,76.536);(57.068,11.927);(43.523,14.063);(59.807,13.477);(38.094,16.938);(118.603,14.37);(11.901,53.092);(38.136,6.498);(35.117,14.411);(55.24,21.813);(50.812,18.674);(49.279,9.825);(57.94,23.465);(57.533,10.173);(116.089,11.999);(37.325,13.235);(46.588,8.196)
(72.965,12.649);(52.669,23.56);(12.026,66.112);(11.564,49.608);(59.555,10.134);(47.175,17.439);(65.692,15.628);(54.785,23.082);(164.457,19.521);(10.632,51.206);(61.155,13.78);(59.243,22.553);(45.507,21.732);(70.53,23.908);(68.502,16.225);(41.512,16.635);(57.481,12.185);(164.171,21.653);(44.603,15.858);(71.408,16.079)
(6.189,1.414);(7.448,3.424);(1.191,5.314);(1.352,5.369);(5.857,0.977);(6.881,2.62);(5.969,1.054);(5.664,2.557);(18.562,2.488);(1.727,6.738);(5.682,1.017);(8.338,3.693);(7.826,3.548);(6.752,2.664);(5.517,1.12);(4.695,1.951);(8.382,1.914);(19.569,2.403);(5.833,2.085);(5.569,1.041)
(39.681,9.329);(55.218,20.708);(14.734,69.546);(8.209,34.894);(34.167,6.622);(52.657,21.874);(56.675,11.614);(50.233,21.3);(133.501,18.931);(11.512,51.229);(51.874,9.808);(40.082,19.144);(31.149,11.06);(55.074,19.909);(42.591,8.315);(34.029,12.382);(53.091,10.431);(116.623,12.063);(32.154,15.023);(53.237,11.575)
(41.665,9.56);(35.363,13.589);(10.945,49.13);(9.483,40.401);(44.275,8.857);(39.708,15.695);(37.331,7.151);(41.225,16.241);(120.406,14.47);(10.091,54.143);(53.059,9.301);(46.429,16.276);(34.782,11.926);(56.131,19.841);(38.448,7.829);(37.93,17.195);(60.252,13.627);(137.265,14.675);(35.184,15.525);(43.003,8.08)
(48.038,8.531);(34.253,15.425);(11.643,65.366);(7.637,40.863);(29.583,5.935);(31.101,11.053);(42.467,7.917);(42.862,15.69);(101.283,11.115);(8.28,38.978);(32.28,5.29);(45.026,16.511);(28.349,10.892);(46.031,15.899);(37.495,7.108);(31.241,10.013);(48.545,10.277);(106.924,10.682);(51.165,19.159);(34.009,6.767)
(53.919,11.57);(37.325,12.433);(8.5,38.076);(11.623,53.031);(37.986,8.525);(43.421,14.39);(34.664,6.928);(34.954,13.524);(115.18,16.747);(8.646,36.117);(33.876,7.471);(38.703,15.104);(39.146,18.534);(36.751,14.313);(46.936,8.306);(47.557,20.428);(37.743,7.694);(111.435,13.888);(54.981,19.872);(36.573,6.911)
(40.606,6.685);(60.402,22.834);(10.1,41.195);(11,48.224);(54.501,11.221);(51.826,19.084);(65.762,13.368);(70.031,32.359);(151.116,16.002);(10.664,41.212);(44.136,7.674);(42.581,17.34);(43.341,18.787);(53.619,23.926);(60.913,10.807);(51.576,19.284);(46.969,8.686);(129.957,17.842);(38.854,16.521);(38.028,8.084)
(34.148,6.217);(20.529,8.504);(8.254,39.643);(6.242,25.509);(34.23,7.998);(29.892,13.442);(25.422,4.159);(31.471,12.857);(71.228,10.4);(8.39,40.853);(32.686,6.334);(32.251,13.752);(26.887,11.71);(24.007,10.823);(21.595,3.593);(26.585,11.676);(23.061,4.02);(89.854,12.733);(28.812,11.181);(33.29,7.699)
(9.282,2.185);(6.662,2.147);(1.414,7.923);(1.549,7.673);(8.623,1.549);(6.583,2.371);(9.512,2.273);(6.284,2.35);(20.631,2.366);(1.633,6.297);(8.931,1.667);(8.794,4.133);(5.745,2.254);(5.749,2.386);(8.154,1.718);(5.834,2.099);(9.311,1.831);(33.243,3.258);(5.7,2.177);(9.549,1.819)
(61.611,13.327);(43.93,18.083);(15.495,65.796);(13.383,54.069);(66.55,13.53);(59.116,22.384);(62.725,13.265);(43.954,15.267);(147.1,20.85);(13.413,60.228);(54.208,10.239);(50.731,20.086);(38.802,12.429);(40.312,18.109);(51.85,10.356);(49.299,22.987);(46.854,9.994);(157.545,16.398);(45.896,21.375);(68.858,11.154)
(58.245,13.054);(72.383,30.01);(15.233,76.717);(19.931,92.148);(76.166,16.191);(66.091,27.299);(80.337,14.423);(52.651,20.618);(183.816,23.112);(18.394,75.955);(60.515,10.039);(71.423,33.405);(56.24,20.432);(66.375,26.589);(53.856,9.534);(78.302,25.317);(60.472,12.142);(195.133,21.612);(77.692,33.922);(50.324,8.823)
(11.946,2.651);(8.369,3.398);(2.758,10.939);(2.902,13.223);(13.383,2.269);(9.136,3.78);(8.723,1.63);(8.348,3.987);(27.089,3.444);(1.901,7.504);(7.759,1.314);(8.936,2.964);(9.536,4.463);(11.73,4.494);(9.092,1.72);(12.131,5.378);(8.837,1.476);(37.915,3.824);(11.992,4.852);(7.853,1.401)
(41.076,9.134);(41.605,17.786);(7.203,35.203);(9.194,39.925);(27.345,5.968);(30.362,12.748);(27.446,5.724);(36.947,16.383);(102.742,10.266);(8.725,43.096);(44.572,9.315);(44.772,16.023);(39.404,13.261);(27.23,9.737);(29.795,6.729);(28.646,12.666);(43.274,7.267);(119.163,16.494);(30.218,12.079);(35.535,6.045)
(4.921,0.856);(5.501,1.878);(1.651,7.195);(2.097,9.769);(6.722,1.239);(5.679,2.069);(6.2,1.298);(6.056,2.42);(21.023,2.443);(1.944,7.534);(7.845,1.744);(7.421,2.922);(5.9,2.157);(5.742,2.336);(5.642,1.17);(6.953,2.332);(5.458,1.045);(30.115,4.196);(8.274,2.714);(7.839,1.553)
(44.172,8.336);(43.96,18.035);(12.463,63.122);(9.155,49.49);(32.367,5.969);(42.12,18.942);(48.228,10.275);(30.845,10.385);(115.91,14.983);(7.962,33.268);(27.48,5.742);(33.704,11.218);(34.186,12.587);(49.433,22.954);(39.701,7.345);(46.37,18.529);(41.92,8.239);(119.371,15.757);(34.52,15.109);(26.915,5.123)
(63.992,12.073);(57.025,22.236);(14.488,55.321);(11.42,51.31);(66.055,15.81);(63.862,25.207);(70.058,15.693);(69.59,23.245);(165.242,17.057);(17.621,86.631);(58.657,13.761);(67.858,28.699);(59.025,21.044);(59.05,20.171);(66.501,14.371);(48.143,21.542);(54.365,9.53);(155.015,21.248);(54.899,18.654);(63.887,14.433)
(5.2,0.895);(6.51,2.662);(1.665,6.659);(1.359,6.105);(5.787,1.344);(3.944,1.688);(5.268,1.236);(4.965,1.638);(21.317,2.749);(1.546,7.566);(5.42,0.909);(6.645,2.548);(4,1.291);(4.593,1.644);(5.323,0.905);(5.653,2.386);(5.143,0.999);(16.113,1.615);(3.742,1.676);(3.972,0.673)
(23.219,4.573);(34.653,12.201);(5.293,21.834);(5.051,21.156);(22.922,4.697);(20.526,9.251);(19.869,3.622);(32.458,11.721);(70.65,9.894);(5.329,25.695);(31.972,7.401);(27.947,11.827);(27.94,8.947);(30.201,13.935);(30.245,5.543);(30.641,10.352);(30.461,5.443);(80.654,11.82);(23.904,8.574);(30.439,5.71)
(30.243,5.351);(31.779,14.96);(9.832,48.224);(9.671,38.91);(39.526,8.305);(47.784,20.16);(51.512,10.751);(32.366,11.389);(132.201,18.758);(12.321,55.635);(50.56,9.526);(47.05,16.349);(42.343,16.401);(36.707,15.815);(42.738,8.423);(44.239,14.24);(48.272,10.308);(131.848,18.624);(41.079,19.552);(35.998,6.969)
(5.361,1.248);(5.283,2.475);(1.717,6.831);(1.351,5.933);(6.525,1.25);(6.788,2.94);(5.555,1.127);(5.422,1.87);(27.724,3.348);(2.283,10.75);(7.777,1.63);(8.619,4.061);(7.225,2.518);(6.635,3.072);(8.666,1.718);(6.071,2.513);(7.97,1.614);(25.778,3.181);(5.984,2.087);(9.29,1.669)
(33.602,5.662);(28.919,12.048);(6.945,38.059);(8.254,33.078);(36.224,7.907);(35.795,16.072);(34.33,6.715);(33.302,10.908);(90.65,9.874);(8.93,41.739);(27.798,4.949);(23.042,10.941);(29.78,9.914);(33.783,15.957);(22.014,3.889);(32.758,11.476);(34.684,6.08);(95.5,11.659);(33.472,12.202);(34.78,8.158)
(32.254,5.602);(31.794,13.829);(8.901,37.393);(10.776,48.979);(32.7,6.425);(34.916,11.702);(35.049,5.764);(38.292,18.376);(94.618,13.886);(6.94,30.489);(32.188,5.278);(32.086,11.942);(25.73,10.616);(32.549,14.281);(29.634,5.095);(39.331,18.652);(29.786,5.394);(101.512,12.759);(23.469,11.1);(24.591,4.492)
(8.445,1.396);(6.634,2.232);(2.898,13.552);(1.902,7.615);(10.649,1.816);(10.463,4.512);(9.713,1.691);(10.414,4.031);(31.252,3.621);(2.86,13.291);(10.81,2.431);(8.931,3.503);(8.823,2.829);(9.498,3.831);(8.291,1.484);(10.52,4.414);(11.356,2.639);(25.739,2.689);(7.765,2.564);(6.791,1.424)
(51.727,9.95);(68.478,28.204);(12.352,69.031);(21.804,93.87);(57.113,10.473);(78.07,34.701);(65.967,14.68);(76.85,24.965);(187.484,24.111);(12.969,54.925);(52.654,9.002);(63.91,21.901);(71.646,34.102);(60.172,22.647);(46.337,10.459);(72.493,30.819);(68.657,12.598);(183.235,23.651);(59.56,24.471);(68.302,13.503)
(21.137,3.669);(16.248,7.776);(3.523,18.686);(4.786,21.129);(13.697,2.773);(21.317,7.429);(12.535,2.322);(15.864,5.999);(72.104,8.264);(5.171,19.705);(20.421,3.877);(11.876,4.999);(13.518,5.859);(18.972,8.356);(19.276,3.091);(18.03,8.356);(20.166,4.603);(69.012,8.855);(13.503,4.52);(13.912,2.524)
(69.222,12.503);(67.895,25.135);(10.071,41.656);(17.72,89.142);(54.867,10.861);(70.537,31.636);(51.982,10.932);(64.711,29.6);(148.617,18.086);(13.247,67.274);(49.702,10.612);(53.97,21.622);(69.482,30.638);(44.044,18.677);(42.973,7.084);(71.143,22.903);(45.512,9.291);(144.524,15.523);(59.427,26.826);(39.52,8.132)
(44.441,7.284);(42.16,14.906);(12.627,69.071);(11.498,61.428);(63.006,10.514);(66.766,22.394);(60.907,11.568);(66.221,21.285);(148.973,17.047);(10.657,52.075);(57.405,12.889);(68.297,24.185);(55.489,23.939);(52.293,21.482);(41.678,8.048);(41.447,16.221);(56.077,9.926);(142.501,15.661);(57.401,24.045);(52.346,10.994)
(38.575,8.743);(32.255,13.695);(8.263,39.855);(8.149,32.517);(37.481,7.417);(33.01,13.394);(28.436,6.606);(28.993,11.197);(84.726,11.825);(9.376,38.449);(28.746,5.073);(35.482,13.614);(29.787,12.434);(29.226,10.488);(28.916,6.092);(33.665,10.809);(29.855,6.354);(113.088,15.23);(32.205,13.336);(44.103,9.164)
(50.717,12.129);(73.655,28.411);(17.889,79.985);(13.492,54.693);(61.371,12.691);(74.658,34.181);(72.543,13.154);(50.46,22.596);(166.768,19.646);(18.447,76.777);(61.265,11.065);(53.027,17);(46.846,18.955);(79.185,31.693);(53.617,9.861);(73.172,26.09);(79.188,17.444);(163.537,20.107);(62.907,23.879);(61.964,10.855)
(50.736,9.102);(29.78,12.152);(8.953,45.017);(8.231,39.316);(34.103,7.632);(51.436,22.125);(34.887,6.523);(28.493,10.42);(117.825,14.148);(8.851,34.908);(42.581,9.845);(47.42,17.3);(31.405,11.732);(34.86,11.45);(41.309,9.42);(47.7,21.533);(47.092,9.514);(100.01,12.576);(33.886,13.159);(44.692,7.919)
(47.704,10.029);(62.866,28.088);(11.894,51.815);(17.347,65.817);(67.502,11.036);(43.69,20.805);(56.224,12.615);(55.705,19.65);(151.398,15.244);(14.169,54.045);(60.294,12.572);(43.856,19.245);(53.963,19.703);(41.276,13.714);(70.013,14.807);(58.086,23.22);(51.798,10.976);(170.575,17.061);(68.649,22.609);(51.497,11.308)
(60.417,10.117);(71.152,29.957);(11.881,54.172);(12.802,71.335);(59.368,13.416);(45.074,17.205);(44.378,7.579);(56.289,19.047);(150.516,17.002);(15.048,58.455);(46.393,9.303);(68.76,32.35);(69.429,31.836);(67.007,23.837);(55.381,11.456);(63.898,20.884);(42.876,7.895);(167.221,19.774);(69.202,27.529);(47.279,9.238)
(31.219,7.384);(35.238,12.612);(12.131,51.828);(13.573,56.982);(46.076,9.08);(46.572,17.331);(38.862,6.564);(36.696,13.271);(122.827,13.787);(9.233,48.218);(31.705,7.351);(30.147,9.753);(45.815,18.553);(30.748,10.676);(54.708,11.107);(30.754,13.788);(38.838,6.231);(130.588,15.633);(48.181,18.609);(36.02,6.895)
(11.648,2.073);(8.577,3.807);(2.494,10.911);(1.865,7.196);(10.164,1.888);(10.234,4.401);(10.072,2.266);(11.464,4.998);(30.602,3.568);(1.904,9.408);(8.477,1.708);(7.36,3.221);(10.592,4.89);(7.97,3.34);(6.513,1.389);(8.924,3.795);(8.807,1.457);(24.02,2.737);(11.837,4.248);(8.396,1.882)
(70.951,15.24);(67.635,23.008);(13.954,57.422);(12.084,57.456);(58.252,13.483);(67.006,25.66);(75.09,15.288);(62.071,26.06);(177.577,18.003);(21.466,107.142);(57.974,11.284);(56.329,25.995);(65.923,28.646);(76.597,32.735);(78.019,14.586);(59.845,26.341);(58.538,11.851);(182.066,18.719);(68.357,31.17);(70.132,12.209)
(22.001,4.646);(15.718,7.137);(5.938,30.814);(6.264,29.075);(14.355,3.204);(20.227,7.84);(23.539,4.83);(19.64,6.516);(51.852,7.454);(4.635,21.088);(19.37,4.487);(16.923,6.485);(20.535,8.677);(20.911,8.073);(16.881,3.432);(24.137,8.11);(20.861,3.568);(75.6,7.62);(24.744,8.802);(21.801,4.342)
(75.803,13.661);(69.137,26.587);(20.259,84.189);(21.604,111.444);(47.929,8.311);(67.145,29.264);(78.637,13.605);(54.735,22.755);(188.641,23.048);(20.983,82.905);(55.923,9.004);(65.561,29.519);(77.179,30.729);(67.449,23.826);(75.225,16.083);(76.166,24.968);(65.014,10.813);(174.053,18.773);(49.198,23.07);(57.448,11.225)
(4.864,0.803);(4.858,1.959);(1.706,6.5);(1.196,6.558);(6.427,1.311);(6.088,2.033);(6.742,1.423);(5.657,2.134);(16.852,2.294);(1.29,6.764);(4.69,1.027);(7.003,2.757);(5.193,1.757);(4.157,1.869);(5.912,1.3);(4.143,1.628);(6.775,1.574);(14.863,2.145);(5.231,2.455);(7.282,1.187)
(52.991,9.482);(36.529,16.799);(7.656,34.616);(13.957,62.47);(50.078,10.376);(31.848,13.817);(30.367,6.292);(50.49,16.382);(121.918,12.178);(7.851,43.101);(35.056,6.755);(36.869,12.605);(50.64,21.619);(47.035,15.682);(38.1,7.464);(32.892,14.702);(48.396,7.834);(130.929,14.207);(37.732,16.241);(36.225,8.59)
(19.541,4.042);(30.612,10.336);(7.837,40.273);(4.528,19.275);(24.904,5.25);(29.278,10.444);(32.194,6.96);(30.325,14.27);(60.282,6.051);(5.357,23.921);(22.417,3.749);(20.309,8.193);(17.969,8.207);(19.811,6.626);(17.525,2.868);(30.405,9.775);(25.084,4.441);(67.246,9.421);(19.339,7.875);(23.335,4.36)
(53.24,9.758);(34.154,11.911);(10.972,61.125);(9.433,48.887);(54.894,10.944);(42.494,17.88);(56.923,10.931);(60.118,23.813);(131.642,15.925);(12.068,47.428);(45.558,8.607);(51.748,17.474);(44.529,18.07);(42.626,18.481);(36.35,8.087);(44.29,19.715);(54.282,9.368);(144.232,16.179);(37.914,16.701);(55.724,11.039)
(14.64,3.274);(11.272,4.143);(2.599,13.819);(3.541,13.659);(13.647,2.802);(13.983,4.939);(9.665,1.921);(12.623,4.713);(35.684,5.24);(4.212,20.145);(10.077,2.268);(9.799,3.631);(10.135,4.598);(16.195,6.553);(15.329,3.11);(11.882,5.408);(10.271,1.723);(52.943,5.389);(11.074,4.056);(13.346,2.281)
(60.276,10.038);(61.936,28.311);(16.201,61.95);(15.109,61.92);(68.329,11.38);(54.928,24.953);(59.502,12.182);(45.219,16.135);(147.867,20.596);(13.945,61.272);(48.675,10.055);(68.689,24.222);(52.685,20.4);(47.731,22.063);(43.067,8.476);(71.238,32.524);(57.659,9.294);(159.062,23.049);(72.251,28.086);(41.758,7.885)
(4.101,0.774);(2.731,0.973);(0.638,3.55);(0.956,5.221);(2.959,0.508);(3.491,1.18);(3.628,0.697);(3.937,1.414);(9.002,1.096);(1.108,5.917);(3.666,0.634);(3.916,1.441);(4.508,1.964);(3.32,1.378);(3.705,0.712);(3.98,1.71);(3.87,0.744);(11.099,1.201);(2.753,0.953);(4.309,1.006)
(29.247,6.329);(38.35,15.757);(10.957,61.678);(10.203,53.38);(29.454,7.016);(38.659,12.774);(40.692,7.964);(35.286,13.152);(102.713,11.193);(10.216,54.862);(31.805,7.022);(27.521,12.732);(32.97,14.878);(30.227,12.568);(31.115,5.388);(30.813,11.29);(34.999,6.115);(108.868,15.166);(32.001,14.884);(31.921,5.823)
(24.032,4.165);(34.211,14.738);(5.641,22.341);(5.576,21.138);(30.224,5.983);(34.54,11.855);(25.984,4.617);(26.266,8.683);(86.835,11.233);(9.872,40.867);(21.764,5.113);(23.902,8.215);(22.192,8.613);(25.924,12.16);(26.898,6.07);(24.853,9.981);(29.124,5.326);(77.468,9.82);(27.709,10.85);(31.31,7.218)
(34.773,6.287);(39.464,16.859);(10.649,43.363);(7.439,37.96);(39.56,9.048);(51.391,16.485);(29.467,5.84);(35.992,13.842);(110.833,15.646);(7.54,42.059);(30.189,7.081);(46.219,19.309);(46.779,14.997);(36.147,13.424);(31.499,6.251);(46.776,16.498);(31.263,5.932);(117.313,12.001);(43.149,18.979);(52.371,10.197)
(1.53,0.277);(1.298,0.482);(0.285,1.339);(0.29,1.388);(1.636,0.38);(1.683,0.77);(1.36,0.247);(1.258,0.504);(4.977,0.597);(0.379,1.615);(1.77,0.399);(1.635,0.54);(1.036,0.351);(1.367,0.54);(1.284,0.296);(1.284,0.614);(1.788,0.36);(5.617,0.647);(1.147,0.468);(1.294,0.213)
(12.915,2.872);(17.923,6.424);(2.823,15.686);(3.609,15.058);(11.402,1.888);(13.453,6.148);(16.625,3.624);(12.33,5.292);(43.839,5.557);(3.133,13.663);(10.605,1.987);(16.311,5.269);(15.876,5.938);(14.449,4.87);(17.507,3.461);(12.138,5.75);(11.663,2.519);(55.747,6.338);(15.046,5.265);(15.012,3.107)
(63.858,13.081);(79.667,29.729);(18.132,87.102);(20.628,91.119);(55.554,11.157);(72.12,31.655);(69.834,11.946);(69.436,23.861);(191.865,20.663);(14.435,74.907);(76.89,17.662);(72.058,31.999);(48.349,20.9);(49.93,15.989);(70.737,13.281);(69.576,23.527);(66.291,15.445);(177.783,23.531);(49.771,16.069);(74.412,16.509)
(33.244,7.085);(38.037,17.406);(12.411,48.844);(9.598,42.698);(37.302,6.449);(34.005,13.843);(36.81,6.86);(34.19,15.971);(119.24,12.305);(13.068,71.299);(34.255,7.971);(35.231,12.459);(43.53,14.338);(42.283,20.052);(29.113,6.078);(39.533,14.646);(44.893,8.236);(112.48,13.649);(47.168,16.55);(35.089,6.318)
(62.236,12.27);(41.07,16.068);(14.609,80.09);(17.614,81.891);(55.508,12.303);(60.048,22.223);(41.136,8.988);(52.96,25.343);(148.1,16.965);(15.134,74.305);(58.392,13.059);(50.38,16.38);(44.869,15.332);(51.022,18.928);(41.031,8.402);(58.201,26.234);(62.579,11.116);(157.673,16.626);(44.01,19.005);(42.922,8.019)
(20.875,4.736);(19.224,9.043);(4.481,18.876);(4.668,19.546);(17.202,3.721);(14.135,6.61);(20.105,4.526);(12.701,4.54);(59.748,7.738);(5.736,29.663);(15.931,3.115);(22.048,8.313);(17.677,7.972);(19.437,8.802);(12.547,2.063);(13.487,4.88);(17.969,3.017);(74.412,9.292);(12.74,4.409);(16.019,3.114)
(31.394,6.364);(45.212,17.498);(8.858,36.598);(10.167,48.927);(38.038,7.204);(31.216,14.527);(52.392,9.711);(34.279,12.927);(127.174,14.97);(8.861,47.361);(36.861,8.349);(35.143,14.321);(31.68,12.156);(41.05,14.984);(46.955,7.775);(32.131,11.127);(49.359,10.771);(110.062,10.882);(53.629,18.252);(52.55,11.866)
(56.751,10.093);(43.912,15.872);(10.213,45.823);(12.508,59.202);(60.992,14.063);(66.007,23.673);(48.66,10.419);(38.486,12.631);(158.486,22.304);(17.834,69.779);(50.469,9.264);(47.915,22.688);(60.108,21.612);(53.876,19.037);(42.249,8.702);(71.093,29.167);(49.984,10.769);(144.365,19.244);(52.546,16.92);(67.197,14.005)
(3.21,0.69);(1.939,0.83);(0.652,3.131);(0.663,2.539);(2.64,0.502);(2.019,0.965);(2.328,0.395);(2.071,0.755);(9.553,1.251);(0.594,3.08);(2.65,0.458);(2.525,1.115);(1.889,0.891);(2.72,1.054);(2.264,0.409);(2.165,0.863);(1.867,0.307);(11.61,1.528);(2.284,0.821);(2.381,0.408)
(30.877,7.367);(32.429,11.557);(8.38,32.601);(8.783,41.128);(33.851,7.005);(36.588,13.335);(32.75,5.348);(29.26,11.649);(97.044,10.218);(7.695,30.954);(38.265,7.937);(31.878,12.873);(29.372,12.624);(26.573,11.557);(37.249,8.046);(31.176,13.587);(26.126,5.651);(89.607,13.026);(31.376,11.913);(25.871,4.889)
(8.178,1.65);(7.825,3.52);(1.47,5.548);(1.523,7.121);(6.151,1.259);(4.953,2.107);(9.171,2.149);(7.164,2.293);(25.774,3.224);(1.383,7.068);(6.641,1.593);(6.848,3.093);(6.294,2.452);(5.188,2.375);(7.166,1.639);(6.438,2.991);(5.541,0.968);(25.446,3.125);(5.237,1.933);(9.096,1.653)
(40.765,7.633);(37.164,16.015);(8.58,32.336);(13.063,58.114);(36.27,7.201);(50.88,21.726);(44.654,9.679);(32.942,14.684);(118.054,15.612);(7.991,41.207);(29.899,5.751);(31.573,14.701);(30.428,9.911);(43.616,15.185);(33.279,6.038);(35.928,11.972);(35.431,7.25);(115.757,13.49);(35.704,14.488);(33.919,7.513)
(45.26,10.013);(58.43,25.147);(10.49,40.402);(11.767,45.894);(62.279,13.581);(55.196,22.46);(43.102,10.073);(58.255,22.007);(130.068,16.189);(10.407,42.424);(50.032,11.704);(52.83,22.552);(52.229,18.262);(45.283,17.577);(44.816,7.761);(37.075,17.65);(54.406,10.321);(149.707,21.503);(57.681,18.865);(58.005,13.13)
(8.616,1.865);(7.147,3.42);(3.089,12.457);(1.845,9.732);(8.485,1.745);(11.529,4.036);(11.021,2.27);(8.083,3.734);(31.336,4.605);(2.564,11.751);(7.36,1.541);(12.344,5.096);(12.287,5.122);(10.642,4.315);(8.97,1.466);(7.358,3.04);(8.483,1.895);(25.747,3.246);(7.893,3.754);(10.808,2.455)
(21.496,5.022);(17.405,7.359);(4.982,19.47);(3.896,21.029);(21.483,3.691);(21.039,7.283);(15.067,3.254);(16.957,7.365);(65.305,6.76);(5.5,23.451);(15.99,3.289);(15.445,5.409);(15.803,6.211);(19.39,8.101);(18.364,3.899);(13.356,4.47);(21.085,3.896);(44.678,6.383);(15.653,5.62);(14.44,3.152)
(31.115,5.143);(39.701,12.727);(12.446,67.742);(8.905,49.409);(35.858,5.883);(49.925,23.159);(44.889,7.189);(33.412,12.038);(129.687,17.298);(10.612,52.45);(37.031,7.116);(43.267,14.318);(42.191,13.661);(39.548,17.44);(32.363,6.543);(31.974,11.02);(43.057,9.869);(131.48,14.558);(34.384,13.965);(47.691,10.017)
(61.21,14.183);(52.068,20.436);(14.182,54.343);(15.707,71.241);(46.986,7.774);(64.498,27.126);(50.039,9.944);(39.531,18.674);(130.654,16.55);(13.896,77.201);(58.759,10.256);(49.78,16.035);(35.885,12.812);(51.912,19.083);(41.506,9.935);(36.381,12.78);(36.56,6.281);(146.085,16.102);(48.252,19.778);(40.584,9.641)
(35.031,5.819);(24.518,10.623);(10.338,51.35);(8.131,37.125);(34.525,6.159);(29.41,14.087);(23.496,3.843);(25.736,11.171);(80.932,11.526);(8.13,41.492);(24.962,4.661);(38.384,15.551);(32.654,15.323);(33.796,11.521);(37.639,6.192);(26.195,10.792);(27.153,6.209);(99.811,11.08);(23.335,10.622);(25.096,5.981)
(65.715,15.623);(73.755,25.482);(15.436,78.144);(11.086,48.358);(46.057,9.259);(74.438,25.131);(61.158,11.955);(60.82,24.255);(152.318,17.086);(19.305,94.222);(66.706,13.435);(48.423,21.507);(70.399,25.462);(58.835,26.595);(50.08,8.042);(65.42,25.343);(74.939,14.895);(156.56,21.856);(57.553,19.246);(47.252,10.089)
(69.185,12.281);(74.711,32.201);(17.288,95.561);(19.322,74.687);(73.096,17.116);(48.496,18.832);(70.295,15.533);(73.043,25.149);(155.077,16.66);(17.774,73.214);(66.932,11.217);(64.64,24.858);(70.37,31.547);(47.537,19.009);(69.985,12.481);(47.875,15.943);(58.413,9.378);(164.185,23.726);(75.517,29.849);(62.326,14.119)
(13.842,3.01);(18.769,7.967);(4.723,18.971);(3.785,15.002);(13.48,3.216);(12.966,4.573);(20.606,4.19);(18.736,8.741);(47.895,6.926);(5.262,22.753);(13.033,2.633);(17.367,5.565);(20.453,7.926);(15.614,5.222);(11.336,2.634);(16.768,7.408);(17.399,3.734);(60.956,7.062);(13.047,4.967);(13.012,2.914)
(56.298,9.381);(52.582,21.031);(13.407,64.577);(17.745,91.406);(51.891,10.324);(48.066,21.295);(70.667,15.004);(64.991,24.558);(167.174,20.819);(12.953,62.974);(53.945,12.871);(58.865,19.739);(52.313,22.012);(48.566,16.837);(79.316,15.032);(58.326,25.451);(68.909,13.482);(165.836,23.646);(57.466,23.857);(49.329,8.324)
(2.306,0.409);(2.219,0.901);(0.593,2.881);(0.598,3.284);(1.841,0.423);(2.789,1.058);(2.305,0.425);(2.01,0.777);(7.688,0.819);(0.428,2.06);(1.767,0.384);(2.28,0.732);(1.6,0.533);(2.866,1.338);(1.748,0.293);(1.717,0.574);(2.847,0.646);(8.358,0.968);(2.33,0.99);(2.592,0.552)
(30.566,5.095);(45.932,21.04);(7.3,33.992);(6.557,29.169);(27.631,4.658);(31.158,10.084);(30.32,5.331);(31.622,13.254);(100.319,14.705);(11.714,54.748);(28.669,6.7);(27.537,9.124);(40.653,17.721);(30.757,13.862);(28.654,5.08);(28.83,12.148);(31.656,5.435);(110.215,13.33);(29.425,9.595);(31.652,7.338)
(55.791,10.418);(73.207,32.338);(19.918,82.671);(20.394,107.267);(62.522,14.568);(76.582,24.688);(70.515,13.396);(52.378,23.239);(154.472,22.707);(12.097,67.524);(74.223,14.488);(57.821,19.622);(44.301,15.9);(47.265,15.932);(73.524,15.32);(69.72,26.871);(71.903,11.871);(152.654,19.404);(64.922,22.68);(56.872,9.881)
(64.175,14.733);(48.056,17.031);(13.42,75.169);(20.111,100.702);(69.035,16.041);(46.109,20.661);(46.168,7.738);(69.832,33.368);(176.28,24.377);(17.019,67.895);(64.914,10.665);(67.526,29.117);(59.71,21.689);(58.229,19.414);(53.996,12.141);(73.837,23.703);(66.946,13.542);(172.381,23.226);(51.104,23.284);(74.952,15.131)
(64.972,11.493);(76.733,31.413);(17.303,66.685);(12.394,48.601);(71.269,16.172);(50.191,18.661);(79.118,15.813);(48.342,23.123);(169.921,21.873);(13.46,51.969);(53.138,9.429);(51.88,23.155);(50.077,22.632);(54.163,21.494);(78.283,12.626);(60.724,24.49);(79.774,13.013);(178.734,22.138);(47.549,17.128);(48.046,10.889)
(41.934,7.545);(54.217,24.548);(11.684,54.396);(12.869,71.978);(34.025,6.968);(44.896,14.441);(51.639,10.224);(32.779,13.197);(130.504,14.236);(12.14,62.947);(32.673,6.681);(52.808,23.989);(35.35,12.554);(37.71,15.896);(55.335,11.247);(54.325,23.522);(52.975,8.614);(113.708,12.415);(32.412,11.862);(51.026,10.486)
