5
100
(168.621,18.95);(54.973,11.968);(55.321,9.303);(58.461,19.262);(13.644,56.969)
(165.311,16.546);(56.006,12.47);(70.672,11.629);(65.873,30.338);(12.529,63.047)
(102.254,12.419);(36.386,7.599);(28.42,5.066);(33.64,15.247);(9.362,39.516)
(122.591,14.866);(39.132,7.16);(59.191,9.514);(37.976,12.549);(9.332,45.576)
(111.6,14.231);(43.398,8.928);(38.985,6.555);(40.033,15.962);(8.475,41.581)
(27.586,3.788);(8.711,1.91);(6.485,1.518);(9.467,3.583);(2.173,11.102)
(141.919,16.193);(54.456,10.715);(63.207,10.574);(59.033,22.174);(12.742,55.2)
(19.656,2.429);(5.164,1.029);(5.864,0.982);(5.944,2.003);(1.165,4.915)
(93.433,12.116);(30.482,6.111);(33.21,6.598);(28.555,9.787);(5.589,28.036)
(84.026,10.797);(23.061,3.957);(22.384,4.486);(32.91,13.953);(6.327,32.831)
(146.684,18.058);(70.394,12.486);(44.317,8.217);(47.191,15.356);(11.67,48.814)
(182.821,21.656);(60.366,10.061);(60.38,10.987);(76.242,29.828);(19.747,84.138)
(85.18,11.849);(24.778,5.307);(28.264,4.799);(33.017,11.481);(11.109,52.771)
(72.474,10.622);(21.89,4.062);(24.784,4.933);(21.995,7.901);(6.063,24.405)
(67.971,7.828);(25.603,5.34);(21.387,3.667);(23.119,8.245);(5.326,27.86)
(5.069,0.744);(1.74,0.391);(1.505,0.327);(1.391,0.455);(0.317,1.382)
(168.045,21.244);(54.918,10.005);(57.131,12.627);(72.248,24.623);(13.909,69.985)
(22.876,2.331);(5.272,0.91);(5.074,1.062);(4.177,1.638);(1.274,5.194)
(21.422,2.597);(9.344,2.124);(7.996,1.664);(6.607,3.015);(1.565,8.195)
(153.411,16.272);(44.207,9.953);(64.303,14.434);(57.32,25.185);(18.384,91.299)
(75.688,10.7);(27.817,5.824);(22.936,5.245);(18.853,7.062);(6.505,31.445)
(144.8,17.645);(42.228,6.908);(45.145,7.736);(53.776,17.913);(9.871,51.637)
(7.032,0.721);(2.118,0.358);(2.106,0.467);(2.098,0.865);(0.508,2.465)
(34.442,4.483);(9.751,2.243);(9.876,2.224);(10.734,3.502);(2.288,12.031)
(20.528,2.722);(3.7,0.646);(3.611,0.654);(5.236,2.472);(1.064,4.902)
(6.136,0.697);(1.489,0.356);(1.616,0.327);(2.533,0.968);(0.655,3.099)
(68.398,7.257);(22.607,5.395);(24.848,5.78);(15.396,5.855);(6.379,24.558)
(125.36,12.636);(44.355,8.098);(41.185,8.298);(33.68,15.026);(12.636,53.785)
(107.902,14.85);(34.254,7.233);(28.55,6.145);(26.57,10.762);(7.025,38.455)
(31.796,4.063);(7.355,1.487);(10.816,1.935);(9.231,3.382);(2.099,10.246)
(54.645,7.079);(21.03,4.988);(23.558,4.571);(22.276,9.095);(4.517,21.665)
(130.98,17.283);(44.218,7.757);(37.135,5.988);(36.304,15.589);(11.058,51.777)
(187.858,20.029);(75.158,14.167);(80.386,14.619);(48.461,18.839);(22.034,94.427)
(145.606,18.689);(48.61,10.474);(63.62,10.935);(43.824,14.833);(12.128,53.898)
(149.929,20.562);(62.237,14.034);(37.454,7.327);(63.565,25.039);(15.586,69.586)
(85.518,11.313);(31.191,5.009);(38.088,6.86);(22.037,9.416);(6.613,26.052)
(180.042,18.894);(72.553,13.963);(68.52,13.435);(56.603,22.362);(19.205,101.14)
(52.956,6.838);(13.519,2.897);(16.436,3.524);(15.849,7.102);(5.256,27.812)
(150.001,15.374);(63.267,13.977);(54.736,10.914);(75.051,26.967);(20.147,102.858)
(87.95,9.962);(26.761,6.333);(25.457,5.579);(31.432,13.138);(6.144,28.634)
(75.992,9.628);(31.38,5.949);(30.443,6.032);(30.452,12.474);(6.008,23.409)
(142.595,14.009);(43.58,7.072);(42.069,6.792);(69.031,30.611);(11.737,52.79)
(111.903,14.801);(35.259,6.899);(34.508,8.256);(38.316,16.657);(8.637,36.541)
(116.228,16.682);(61.144,12.698);(45.334,7.501);(47.443,15.517);(13.751,67.629)
(140.764,19.998);(61.614,12.566);(55.843,10.34);(59.158,23.127);(11.913,45.334)
(109.539,14.168);(33.538,7.161);(54.549,10.804);(35.349,16.123);(12.843,52.725)
(69.632,8.546);(19.418,4.103);(13.474,2.349);(15.247,6.98);(4.952,21.332)
(97.826,10.813);(31.446,7.474);(27.674,4.913);(39.563,16.491);(12.443,54.812)
(108.037,14.297);(29.227,5.016);(28.782,5.618);(32.386,12.623);(12.644,53.347)
(58.933,5.8);(18.386,2.972);(30.15,5.596);(24.743,9.868);(5.976,28.122)
(35.572,4.187);(11.783,2.675);(6.937,1.516);(12.585,4.964);(2.359,11.538)
(182.973,18.857);(72.968,12.911);(51.525,10.141);(77.124,31.389);(12.661,68.271)
(180.915,21.817);(51.975,10.319);(61.588,10.19);(54.075,21.873);(19.431,100.948)
(129.551,18.947);(39.934,9.568);(35.218,6.582);(58.654,19.02);(12.418,51.965)
(115.308,11.707);(30.427,5.004);(46.68,9.656);(42.408,13.811);(8.384,39.514)
(40.145,5.615);(11.751,2.128);(17.111,3.891);(13,6.125);(4.911,26.115)
(139.755,16.721);(52.545,9.532);(58.401,13.69);(41.666,15.288);(10.336,39.388)
(148.047,17.346);(43.532,7.697);(45.02,10.652);(45.386,16.206);(14.008,74.539)
(132.935,15.387);(43.991,9.256);(34.947,6.723);(52.128,18.165);(9.674,44.025)
(24.129,2.702);(5.19,1.172);(5.976,1.091);(4.638,1.93);(1.114,5.087)
(60.917,6.976);(21.058,4.482);(17.658,3.234);(27.397,12.52);(5.44,22.802)
(119.211,17.2);(45.787,9.47);(31.449,7.291);(52.569,21.665);(12.258,67.798)
(30.831,3.706);(7.541,1.249);(10.885,2.072);(8.197,2.807);(1.808,6.881)
(74.536,9.587);(17.277,3.068);(20.166,3.43);(18.287,8.381);(6.07,23.828)
(166.284,23.35);(65.801,12.348);(64.992,14.935);(48.225,16.413);(18.159,82.368)
(81.303,11.328);(22.055,3.63);(21.365,4.593);(25.062,11.376);(6.051,25.481)
(82.554,9.708);(26.796,5.189);(23.959,5.166);(24.464,11.191);(5.117,21.552)
(188.485,25.786);(54.419,12.59);(78.425,13.664);(53.623,20.678);(13.054,55.559)
(183.955,22.182);(57.681,10.415);(58.623,10.488);(76.116,28.295);(14.931,56.529)
(123.825,12.501);(37.059,6.951);(36.912,7.113);(59.923,21.399);(13.296,58.35)
(5.878,0.681);(2.541,0.52);(2.681,0.462);(1.54,0.702);(0.67,3.356)
(62.284,9.041);(25.779,4.24);(17.44,3.069);(27.894,12.896);(7.618,31.591)
(46.79,5.828);(11.066,2.223);(9.724,2.065);(11.792,4.91);(3.56,15.849)
(112.166,11.739);(45.413,7.681);(43.377,9.912);(29.352,10.649);(7.992,38.439)
(36.294,4.585);(12.021,2.836);(17.634,2.973);(16.231,7.173);(3.952,15.366)
(19.298,2.329);(4.537,0.757);(5.727,0.918);(5.631,2.672);(1.901,10.105)
(120.383,12.958);(38.021,7.442);(38.004,7.348);(32.936,12.065);(12.855,55.76)
(146.046,20.532);(51.638,9.399);(62.89,14.897);(66.238,25.508);(14.623,59.131)
(29.669,4.026);(7.312,1.329);(10.4,1.814);(10.359,4.227);(2.722,14.635)
(113.028,11.74);(37.398,6.641);(32.558,5.931);(34.511,14.76);(10.432,41.272)
(87.893,12.116);(28.775,5.383);(29.84,6.119);(24.736,9.969);(7.546,40.044)
(135.338,15.824);(56.875,9.48);(66.316,12.272);(38.267,16.339);(10.019,54.362)
(144.888,19.262);(56.215,9.076);(53.977,8.647);(70.698,23.622);(13.171,54.509)
(19.493,2.48);(8.586,1.411);(9.124,2.022);(5.91,1.924);(2.056,9.858)
(156.228,16.645);(64.311,13.153);(50.869,8.614);(50.376,23.171);(18.293,93.881)
(101.769,13.694);(24.482,5.692);(26.336,5.455);(35.554,16.009);(7.914,32.584)
(49.375,5.187);(14.827,3.093);(12.982,2.308);(17.77,6.568);(4.305,21.084)
(170.468,24.901);(73.43,16.835);(75.53,15.335);(49.772,16.004);(11.73,65.205)
(169.531,21.466);(71.539,13.443);(74.768,14.662);(55.496,18.039);(13.488,67.876)
(121.077,14.027);(45.956,9.115);(53.514,12.36);(33.841,10.924);(12.973,51.565)
(105.524,12.424);(30.908,5.384);(33.563,7.557);(35.013,13.683);(9.366,50.898)
(59.215,7.749);(14.008,2.55);(13.426,3.044);(11.029,4.755);(3.826,16.013)
(94.907,11.264);(34.967,7.301);(44.444,8.039);(31.176,14.033);(9.472,38.879)
(146.484,17.466);(60.873,10.042);(53.742,10.704);(38.058,15.472);(14.496,57.848)
(91.789,10.669);(26.057,5.626);(26.077,5.864);(30.413,10.319);(5.736,25.397)
(62.163,7.034);(18.907,3.979);(24.489,4.683);(22.839,8.567);(5.977,28.752)
(47.987,5.264);(11.846,2.185);(14.917,2.877);(21.062,9.774);(5.271,20.401)
(61.385,7.514);(20.774,4.249);(22.66,5.431);(16.411,6.723);(5.588,25.902)
(165.582,21.713);(52.39,11.636);(65.26,11.179);(60.224,22.848);(15.681,62.239)
(13.445,1.52);(2.972,0.616);(3.211,0.59);(3.514,1.642);(1.082,5.176)
