20
100
(109.878,11.664);(106.635,15.251);(119.774,14.071);(114.756,16.816);(31.335,14.23);(98.334,14.18);(32.478,10.597);(31.119,13.049);(12.697,52.993);(115.827,12.319);(29.968,6.562);(129.067,14.49);(12.193,49.556);(42.738,7.61);(42.718,17.508);(11.605,45.972);(10.996,43.038);(41.916,8.428);(35.913,13.363);(51.042,22.277)
(136.213,16.068);(156.217,15.355);(161.876,17.103);(160.124,21.593);(53.958,21.308);(163.397,21.002);(65.629,30.744);(40.702,17.102);(11.662,52.466);(138.503,16.36);(43.281,8.236);(141.156,16.852);(15.371,62.5);(57.057,10.375);(63.853,25.299);(15.663,71.505);(13.122,55.836);(68.368,12.031);(56.262,21.106);(71.268,28.252)
(126.24,13.133);(116.486,16.517);(97.603,12.414);(114.192,12.723);(36.695,14.57);(112.741,11.878);(50.074,22.878);(38.506,12.852);(9.151,44.911);(97.893,10.197);(34.41,6.5);(98.223,9.961);(8.989,35.456);(45.442,8.13);(43.895,15.254);(7.626,37.566);(10.119,38.165);(34.738,8.187);(44.937,17.081);(30.125,14.233)
(159.278,17.118);(184.193,19.092);(185.399,22.209);(181.768,20.807);(50.286,19.467);(188.246,23.396);(69.233,23.143);(77.201,30.214);(19.711,93.113);(170.076,18.858);(51.448,11.058);(179.065,19.041);(15.439,76.791);(73.256,13.015);(53.286,17.519);(19.414,73.081);(18.074,96.11);(61.312,14.418);(49.371,18.641);(71.882,23.011)
(123.433,14.953);(107.34,13.238);(101.112,11.19);(118.667,14.74);(41.748,14.389);(105.782,10.915);(34.225,15.827);(46.723,21.015);(9.481,36.152);(104.612,13.85);(28.028,6.224);(102.797,14.56);(7.172,33.425);(35.135,5.646);(32.639,14.614);(9.766,43.596);(7.149,30.384);(36.667,8.789);(26.616,12.46);(30.072,10.194)
(158.583,18.342);(146.892,18.218);(164.468,22.503);(136.603,19.204);(62.859,22.212);(143.031,19.612);(54.737,21.904);(67.27,24.688);(15.874,88.345);(154.95,17.526);(48.042,9.77);(163.577,20.079);(16.28,79.452);(71.384,13.927);(46.984,20.269);(11.57,47.931);(13.899,58.29);(45.51,10.29);(54.916,20.219);(41.727,17.715)
(46.324,5.593);(41.982,5.586);(48.825,4.887);(35.788,3.683);(14.517,5.293);(36.216,3.924);(14.356,5.053);(8.119,2.927);(2.615,14.408);(36.024,4.913);(8.844,1.53);(28.909,3.076);(2.861,13.124);(12.149,1.947);(9.091,3.551);(2.957,13.11);(2.257,8.58);(12.707,2.699);(14.783,5.383);(10.549,4.538)
(65.959,8.421);(61.456,6.781);(63.96,6.457);(68.391,9.55);(24.03,10.262);(74.402,8.531);(24.367,10.084);(20.301,7.721);(7.476,32.445);(88.726,10.526);(17.539,4.166);(65.363,7.624);(6.372,24.026);(21.445,3.616);(29.666,10.872);(7.652,29.346);(8.028,32.407);(26.545,5.172);(26.719,10.863);(22.161,9.396)
(122.822,16.871);(126.27,14.477);(99.221,10.547);(110.909,14.033);(41.03,15.093);(95.602,11.571);(36.127,13.768);(38.007,12.71);(10.308,50.453);(126.524,17.955);(47.307,7.656);(126.244,14.367);(9.42,44.664);(32.384,5.762);(47.083,18.463);(12.933,51.541);(10.495,49.757);(35.815,6.522);(48.407,18.237);(42.254,14.188)
(104.03,11.387);(118.163,16.153);(96.808,12.592);(104.841,12.962);(33.637,15.115);(115.036,13.504);(30.132,13.012);(26.641,10.721);(10.173,48.765);(103.922,13.803);(29.012,6.729);(89.592,9.539);(7.377,35.023);(39.651,6.794);(26.693,10.299);(6.877,36.272);(6.583,33.485);(36.122,5.922);(42.767,16.626);(26.069,9.128)
(124.685,15.715);(138.9,14.613);(128.024,12.916);(153.549,17.246);(65.782,30.744);(139.696,15.908);(39.566,16.061);(52.523,19.321);(16.667,83.404);(144.113,18.282);(36.883,7.825);(122.606,12.841);(16.784,82.843);(36.257,6.155);(57.708,18.831);(16.674,87.828);(12.87,57.148);(43.168,7.572);(65.282,30.42);(53.88,18.98)
(48.866,5.189);(62.13,8.445);(40.507,5.695);(65.916,9.645);(19.148,8.906);(39.283,4.911);(17.038,7.479);(15.857,6.104);(4.443,22.98);(67.591,7.573);(13.676,2.95);(45.617,4.708);(4.905,20.833);(12.283,2.806);(15.864,7.085);(4.531,24.345);(3.625,18.792);(16.677,2.744);(11.594,5.167);(15.938,7.589)
(166.444,16.558);(145.728,17.731);(141.899,17.063);(155.242,17.77);(41.95,17.985);(152.44,16.827);(56.955,23.917);(51.024,17.162);(18.176,78.884);(159.285,20.48);(62.37,14.426);(158.509,16.352);(10.972,43.694);(48.026,11.13);(49.239,18.531);(18.922,73.104);(13.412,55.033);(67.614,15.679);(44.94,17.595);(40.526,17.549)
(131.131,19.023);(137.873,20.246);(140.224,18.085);(135.231,17.58);(36.243,17.354);(131.96,17.829);(55.003,21.494);(36.436,15.396);(10.946,52.395);(145.114,18.396);(36.039,7.996);(142.58,14.989);(12.989,68.172);(54.798,11.323);(47.914,21.398);(13.785,68.141);(14.441,54.871);(60.745,10.184);(40.83,14.848);(35.624,14.121)
(72.532,9.628);(86.262,11.46);(88.266,12.969);(92.128,10.219);(25.21,11.799);(86.483,12.03);(32.462,10.388);(32.289,14.489);(6.576,25.019);(82.329,9.965);(28.973,6.503);(82.26,9.495);(6.205,25.234);(20.088,3.221);(18.837,6.734);(4.714,20.468);(5.132,25.059);(29.082,5.56);(22.716,8.453);(29.145,13.24)
(127.597,13.159);(137.898,13.729);(141.811,20.691);(139.888,15.564);(40.596,18.662);(136.013,16.961);(49.097,22.058);(58.697,21.022);(10.712,56.941);(147.781,16.36);(46.671,10.614);(140.319,19.143);(10.846,43.539);(48.494,11.254);(46.676,17.057);(15.099,70.761);(15.389,77.466);(52.85,11.706);(37.308,13.057);(43.618,18.322)
(158.181,15.587);(169.955,19.153);(167.165,23.286);(141.786,18.854);(67.759,31.079);(155.881,18.357);(68.872,25.537);(61.051,20.615);(13.035,51.716);(163.535,17.407);(42.723,8.708);(166.445,19.805);(13.137,58.638);(43.022,9.161);(65.864,30.636);(19,101.093);(12.935,70.56);(68.894,12.941);(58.037,19.649);(42.402,15.287)
(169.489,23.466);(153.542,20.819);(174.33,21.114);(153.89,21.043);(54.42,21.017);(177.515,25.973);(73.109,28.213);(43.74,16.486);(14.583,63.543);(167.189,17.077);(63.418,10.632);(154.939,22.521);(15.769,79.337);(45.443,9.363);(52.488,23.958);(19.734,105.397);(15.332,82.242);(44.237,7.835);(44.185,16.552);(64.553,27.445)
(152.232,19.348);(161.882,23.132);(157.235,22.237);(144.526,15.054);(40.051,18.363);(144.189,20.886);(61.728,29.288);(54.12,21.311);(10.196,54.804);(165.6,17.017);(56.509,9.83);(143.246,14.053);(16.252,62.555);(67.858,12.965);(57.186,20.596);(10.529,57.753);(14.856,60.397);(50.526,8.599);(40.062,17.089);(67.399,23.244)
(179.908,17.719);(164.12,23.055);(174.835,19.095);(174.174,21.642);(59.622,26.297);(180.728,18.457);(44.733,20.945);(65.384,23.672);(16.749,76.617);(163.472,16.184);(63.801,15.203);(162.022,19.722);(19.324,99.334);(48.793,10.654);(67.878,24.081);(18.681,99.101);(13.551,54.877);(53.994,11.932);(59.499,28.557);(64.758,28.34)
(38.345,5.313);(31.062,4.506);(32.261,4.565);(39.251,4.419);(7.717,2.796);(34.536,3.608);(9.611,4.459);(10.961,5.226);(2.291,11.9);(29.3,3.366);(7.438,1.471);(30.007,3.315);(1.739,7.219);(6.644,1.35);(9.345,3.532);(2.423,11.355);(3.042,13.87);(8.02,1.8);(9.029,3.292);(7.136,2.721)
(99.467,11.252);(85.971,8.807);(111.43,12.034);(84.979,9.259);(33.611,12.683);(92.39,13.219);(29.742,13.524);(35.277,15.41);(7.155,37.91);(90.543,10.298);(34.499,6.161);(103.878,15.057);(6.165,29.637);(23.493,4.112);(42.975,15.963);(10.067,46.02);(6.135,29.255);(35.268,6.069);(27.616,12.75);(35.175,12.811)
(116.457,13.605);(121.396,16.918);(128.762,17.745);(126.046,17.809);(34.596,15.887);(128.906,16.013);(46.608,19.865);(35.866,12.293);(9.336,35.189);(127.388,14.001);(45.117,8.71);(98.583,10.831);(7.648,28.872);(50.207,11.077);(41.229,19.459);(12.312,64.232);(10.72,46.074);(32.977,7.695);(31.592,11.852);(33.818,12.959)
(98.896,12.314);(118.686,15.742);(100.562,12.753);(100.725,13.46);(31.92,15.309);(100.518,10.543);(28.697,11.635);(39.577,13.893);(6.551,33.05);(115.58,15.59);(32.591,6.261);(93.175,9.475);(8.807,40.902);(44.588,7.168);(32.661,11.352);(7.736,43.562);(9.796,53.137);(27.088,5.09);(35.575,15.459);(38.739,16.736)
(179.624,20.192);(162.497,17.148);(187.414,21.482);(187.805,19.577);(58.169,21.256);(184.672,19.461);(56.615,25.192);(53.236,22.968);(20.935,91.065);(166.427,22.805);(66.253,12.246);(180.464,18.367);(21.049,83.792);(69.41,15.077);(55.831,20.778);(20.852,106.206);(12.438,49.523);(76.03,13.178);(47.864,19.71);(52.467,23.046)
(153.6,17.23);(157.36,16.615);(154.653,20.587);(167.095,20.456);(70.073,31.327);(154.387,19.666);(55.833,19.485);(62.66,25.56);(13.157,73.189);(162.903,18.451);(65.746,13.376);(153.637,22.258);(16.118,80.466);(65.104,12.004);(45.848,14.797);(12.502,57.452);(11.623,48.835);(44.025,9.669);(45.099,18.024);(46.787,16.447)
(167.142,17.93);(173.38,22.768);(155.712,21.49);(156.359,19.994);(60.796,26.295);(169.005,24.47);(49.4,17.637);(66.356,31.254);(14.163,74.48);(158.724,16.791);(49.396,9.211);(158.061,21.579);(11.395,62.903);(66.712,13.738);(67.628,28.408);(13.107,68.952);(11.248,45.262);(51.152,9.255);(52.257,17.849);(60.551,20.991)
(169.649,21.108);(169.541,21.136);(173.647,19.242);(180.706,20.888);(69.521,29.388);(167.514,22.014);(50.832,24.076);(47.959,15.859);(12.556,54.402);(179.666,23.8);(48.205,8.066);(177.041,24.645);(13.605,55);(65.077,11.88);(60.724,25.029);(12.71,49.657);(15.277,82.485);(49.956,11.165);(54.643,19.553);(69.812,30.977)
(98.077,13.298);(98.827,12.375);(92.241,9.549);(94.909,13.178);(36.142,12.521);(106.105,12.468);(32.368,15.289);(27.559,10.357);(6.694,27.016);(87.558,12.273);(42.697,9.891);(90.315,9.477);(7.594,31.573);(33.348,6.645);(27.317,11.257);(10.3,39.341);(7.15,37.596);(26.742,4.325);(32.605,11.194);(33.159,12.282)
(13.569,1.509);(9.281,1.215);(9.904,1.4);(15.512,2.187);(3.771,1.575);(16.308,2.146);(4.758,1.996);(4.71,1.917);(1.052,4.463);(15.34,2.028);(4.294,0.774);(13.282,1.576);(0.925,4.495);(3.543,0.752);(3.291,1.572);(1.169,5.347);(0.994,5.111);(3.293,0.539);(3.095,1.279);(3.456,1.519)
(131.966,17.355);(125.39,12.488);(113.649,13.131);(114.089,14.039);(47.621,22.538);(117.028,15.286);(46.311,21.013);(30.411,14.223);(8.031,32.938);(131.296,16.396);(38.672,7.301);(123.523,13.564);(9.073,35.539);(52.405,9.582);(49.05,20.069);(13.41,63.014);(10.817,47.367);(52.092,9.189);(41.92,16.526);(29.442,10.306)
(102.314,13.153);(99.083,13.306);(87.682,8.875);(95.128,11.44);(34.62,13.447);(88.562,8.767);(33.199,10.753);(29.881,14.06);(6.292,25.225);(103.97,10.77);(25.334,4.57);(100.743,10.104);(10.456,47.486);(34.999,6.556);(23.25,8.909);(10.006,47.47);(6.395,24.947);(41.137,7.258);(33.626,15.257);(24.322,9.852)
(133.677,16.459);(144.838,16.69);(127.014,13.637);(118.253,12.365);(45.353,14.558);(147.415,16.529);(41.02,18.881);(44.626,17.811);(9.223,36.173);(131.766,13.794);(34.786,7.018);(145.917,14.459);(12.076,50.077);(38.171,7.707);(51.439,18.793);(14.898,57.404);(9.756,48.604);(60.281,11.81);(60.33,25.345);(53.614,21.716)
(46.488,5.489);(40.684,5.45);(42.177,4.36);(40.628,5.024);(12.298,5.144);(31.464,3.352);(10.208,3.286);(12.895,5.277);(3.018,15.944);(29.018,3.796);(11.958,2.678);(29.866,4.236);(3.419,13.473);(11.102,2.517);(11.135,4.29);(3.369,13.254);(3.213,15.419);(11.64,2.791);(8.628,3.694);(10.562,4.018)
(36.015,4.742);(45.562,5.471);(36.17,4.256);(34.54,4.195);(11.937,5.667);(36.828,4.568);(13.025,6.024);(16.736,6.33);(4.461,16.986);(45.294,5.759);(14.601,3.356);(35.685,3.709);(4.367,21.222);(9.876,2.213);(14.01,5.959);(3.974,20.011);(4.235,17.981);(15.324,2.885);(9.673,4.068);(13.824,6.635)
(56.507,7.577);(65.055,9.44);(51.377,6.877);(73.423,10.231);(15.743,5.055);(64.228,9.425);(21.954,7.387);(13.958,5.091);(3.301,17.64);(62.714,8.417);(21.755,4.996);(72.899,8.861);(3.909,19.735);(17.355,3.442);(21.74,7.866);(5.123,27.472);(3.192,12.482);(14.504,3.467);(13.48,6.021);(17.336,6)
(92.612,13.424);(122.172,13.008);(122.642,12.35);(118.144,15.452);(35.593,13.824);(98.746,13.284);(48.579,16.178);(28.742,11.159);(9.477,52.525);(105.97,13.737);(34.203,5.824);(100.455,13.012);(10.423,42.175);(30.332,6.392);(43.116,15.34);(8.146,34.557);(10.754,58.433);(40.857,9.305);(31.846,10.906);(41.827,16.277)
(134.468,17.211);(133.08,15.435);(108.6,11.364);(111.262,11.005);(31.288,11.789);(130.146,14.41);(52.034,21.989);(42.765,16.944);(10.582,42.262);(114.244,16.445);(51.104,11.11);(118.052,12.664);(10.232,41.903);(45.913,8.747);(43.483,15.569);(8.173,42.995);(12.791,71.088);(50.478,11.02);(32.737,12.376);(45.291,21.125)
(85.839,11.803);(74.726,10.177);(84.227,10.536);(84.943,8.391);(27.887,13);(56.251,8.059);(26.089,9.233);(17.236,5.897);(7.475,39.19);(57.841,5.865);(29.45,6.854);(74.891,8.053);(5.436,25.675);(23.56,5.237);(19.418,6.285);(6.795,31.05);(5.908,29.3);(27.615,5.318);(27.694,10.325);(28.013,10.223)
(147.536,20.449);(146.86,14.736);(138.696,14.857);(149.011,18.706);(51.185,23.938);(151.949,15.397);(47.984,21.273);(44.203,18.691);(13.683,70.043);(151.479,18.595);(62.83,11.711);(147.024,16.559);(16.594,67.225);(47.253,11.201);(72.066,23.406);(11.855,45.311);(11.227,45.406);(60.98,12.887);(72.431,28.318);(71.578,32.489)
(110.836,10.907);(116.708,14.36);(112.921,12.829);(134.008,18.811);(32.284,14.464);(129.238,17.429);(35.982,13.7);(53.82,20.224);(11.902,49.424);(127.803,15.888);(36.027,7.244);(112.168,16.037);(12.155,53.05);(44.878,10.057);(33.518,13.541);(13.524,59.596);(12.611,70.941);(30.185,4.956);(46.254,18.175);(45.622,19.141)
(9.847,1.288);(11.18,1.37);(11.577,1.191);(11.542,1.546);(3.777,1.532);(15.295,1.79);(2.721,0.97);(2.98,1.028);(1.159,4.736);(11.902,1.336);(4.335,0.746);(15.255,2.063);(0.797,3.918);(2.948,0.585);(4.122,1.409);(0.849,4.441);(0.988,4.285);(3.766,0.64);(4.558,2.036);(4.598,1.479)
(118.817,13.933);(129.887,18.349);(110.387,13.737);(120.808,15.711);(30.563,11.19);(129.633,17.513);(36.868,12.439);(55.185,22.47);(10.163,49.965);(111.978,13.94);(40.357,7.575);(112.588,13.388);(10.253,40.867);(31.652,6.836);(46.129,21.578);(10.852,40.968);(9.576,48.631);(45.431,10.731);(40.868,19.325);(33.129,13.285)
(40.014,4.5);(28.937,2.843);(26.394,3.439);(35.832,3.882);(8.681,3.202);(38.621,5.238);(12.261,4.064);(7.723,3.259);(1.97,8.528);(40.115,5.227);(11.328,2.201);(43.465,5.964);(3.085,16.928);(9.567,1.95);(8.979,4.232);(2.63,12.813);(2.211,8.923);(8.687,1.821);(7.143,3.074);(7.564,2.431)
(120.473,13.266);(102.696,10.656);(100.271,11.304);(113.809,13.928);(35.22,14.858);(98.461,12.101);(35.374,13.036);(31.728,14.003);(9.254,35.402);(119.963,13.498);(29.624,5.795);(118.698,14.246);(8.591,35.482);(30.883,5.001);(33.496,13.956);(12.393,68.684);(12.101,56.524);(29.28,6.685);(33.329,13.306);(35.864,12.927)
(119.121,15.66);(106.968,12.264);(117.068,15.422);(94.454,13.108);(33.052,13.557);(116.022,14.95);(30.331,13.031);(27.917,12.724);(12.684,47.864);(101.201,11.738);(47.994,9.526);(96.289,9.491);(10.761,47.36);(35.535,6.064);(46.563,21.369);(9.078,34.192);(9.863,38.222);(42.871,10.016);(34.242,12.01);(28.674,9.477)
(19.775,2.003);(23.425,2.396);(22.638,2.715);(36.198,4.081);(9.251,3.457);(21.805,2.856);(10.36,4.882);(6.172,2.326);(2.633,11.714);(34.979,4.719);(9.217,2.192);(28.078,2.79);(1.787,7.801);(6.05,1.392);(6.88,3.209);(1.608,7.823);(2.119,9.103);(6.22,1.005);(8.703,3.943);(6.205,2.023)
(173.569,19.748);(177.477,21.243);(155.799,19.892);(161.903,16.647);(48.152,21.271);(152.93,21.714);(49.517,17.244);(45.148,16.304);(12.67,56.477);(172.236,23.829);(72.332,12.154);(154.403,20.372);(14.735,64.286);(48.893,9.167);(67.557,29.997);(18.359,96.047);(19.251,97.195);(55.567,11.865);(52.032,20.944);(69.816,24.701)
(20.553,2.783);(15.735,2.291);(12.962,1.726);(13.647,1.773);(6.478,2.67);(17.29,2.088);(3.564,1.349);(6.218,2.632);(1.002,5.315);(19.629,1.987);(3.861,0.889);(22.123,2.727);(1.126,5.669);(5.086,1.06);(4.207,1.569);(1.424,6.961);(1.412,7.216);(6.142,1.224);(6.413,2.63);(5.288,2.228)
(145.239,19.931);(161.346,20.971);(144.231,17.683);(171.094,19.496);(52.216,24.074);(159.055,19.864);(46.33,17.146);(54.477,23.004);(16.241,61.508);(156.843,18.663);(64.259,14.07);(161.815,22.49);(13.726,70.008);(70.105,13.74);(42.594,15.979);(15.615,71.65);(14.535,59.793);(49.817,10.486);(48.58,20.761);(58.602,19.844)
(45.026,4.712);(65.383,8.554);(54.162,7.835);(55.291,5.544);(18.253,6.992);(53.605,5.391);(17.972,6.624);(21.051,8.299);(3.229,17.959);(56.148,7.872);(12.958,2.479);(68.935,8.701);(4.631,25.333);(16.19,3.45);(12.77,4.608);(3.348,16.68);(3.469,17.306);(11.762,2.067);(20.26,9.238);(19.852,7.292)
(6.687,0.781);(7.335,0.953);(7.512,0.803);(6.599,0.797);(2.535,1.048);(7.5,0.784);(2.376,1.02);(2.076,0.953);(0.619,3.445);(8.169,0.854);(2.36,0.394);(7.463,0.916);(0.407,1.916);(1.663,0.304);(2.299,0.822);(0.493,1.978);(0.422,1.677);(2.419,0.57);(2.632,1.042);(2.633,1.149)
(120.374,13.581);(113.222,11.762);(119.178,15.962);(115.077,14.609);(27.577,9.336);(113.135,15.688);(33.272,11.85);(38.987,15.096);(10.515,42.157);(115.62,15.443);(49.77,8.768);(98.769,12.607);(12.809,63.147);(30.717,6.207);(40.966,18.395);(10.124,44.626);(12.814,67.538);(36.66,7.917);(43.63,16.359);(48.194,15.687)
(184.584,20.737);(178.089,23.889);(175.295,20.542);(171.001,22.108);(77.903,27.765);(190.744,19.952);(57.328,18.513);(52.857,17.331);(16.108,80.478);(169.233,24.478);(74.092,13.986);(187.312,26.734);(14.565,69.064);(56.122,9.231);(75.721,24.339);(16.45,85.931);(19.366,74.159);(49.312,8.75);(74.74,33.811);(68.062,32.485)
(182.236,25.695);(155.79,20.464);(157.785,17.29);(159.376,20.159);(57.986,21.385);(181.031,19.903);(48.465,17.67);(48.994,21.003);(16.773,79.157);(168.214,22.522);(56.413,12.45);(154.358,19.308);(16.463,70.094);(66.11,15.357);(56.249,19.969);(16.501,67.153);(11.384,52.359);(56.685,13.518);(58.012,18.802);(64.192,24.344)
(20.985,2.165);(21.558,2.579);(30.014,4.196);(25.612,2.574);(8.94,3.676);(32.371,3.821);(5.954,2.215);(6.5,2.494);(2.154,9.439);(31.621,4.076);(6.191,1.34);(29.003,3.579);(1.821,7.721);(10.329,2.022);(5.717,2.155);(1.834,8.134);(2.128,10.32);(9.604,2.085);(7.154,2.805);(8.429,3.854)
(165.571,21.532);(169.927,22.495);(181.255,24.785);(179.388,25.265);(76.534,32.574);(183.701,22.395);(69.82,30.51);(76.079,32.046);(14.688,60.074);(191.996,21.053);(59.022,10.523);(177.147,25.727);(12.636,61.091);(75.092,14.906);(50.996,19.548);(21.28,88.877);(12.363,66.662);(52.421,11.193);(54.641,20.064);(68.757,25.877)
(97.634,9.992);(87.097,8.89);(85.266,11.791);(108.221,12.189);(35.248,14.99);(82.739,8.799);(42.433,18.888);(28.506,10.915);(9.526,44.844);(81.127,11.113);(39.696,8.532);(101.84,13.224);(9.98,52.207);(41.223,7.185);(26.413,8.545);(6.698,26.03);(8.261,32.844);(35.333,7.893);(33.248,10.65);(27.308,10.62)
(171.789,22.792);(173.951,17.357);(164.371,20.668);(165.659,17.641);(57.537,24.603);(185.991,19.648);(48.397,16.114);(50.415,16.788);(12.883,58.688);(192.767,20.489);(65.743,11.406);(162.101,15.978);(21.211,102.623);(72.838,15.057);(76.192,30.539);(20.345,89.603);(14.968,78.231);(49.104,8.702);(74.323,28.958);(48.297,15.582)
(146.633,16.302);(126.007,14.92);(124.732,15.924);(140.323,16.95);(38.836,15.824);(118.1,14.37);(60.292,24.788);(37.267,16.862);(14.904,62.859);(148.515,16.049);(37.614,6.44);(134.756,19.15);(13.606,51.705);(48.345,8.122);(45.652,21.381);(14.565,72.929);(10.219,44.747);(53.868,12.526);(59.381,25.648);(53.968,17.919)
(99.449,10.691);(112.377,15.223);(88.46,9.725);(87.063,11.135);(33.883,10.994);(84.709,12.118);(27.73,10.04);(25.812,8.46);(10.081,42.781);(114.58,16.11);(31.921,6.132);(96.573,14.19);(9.287,37.853);(35.51,5.927);(25.737,9.774);(10.548,56.797);(7.362,29.442);(30.146,5.504);(27.318,11.832);(24.735,11.409)
(170.471,23.802);(183.011,23.528);(176.434,25.144);(188.277,25.396);(57.912,25.717);(167.337,24.056);(60.56,26.312);(48.782,19.648);(12.97,72.577);(166.823,16.814);(60.128,13.999);(187.558,21.079);(12.91,48.845);(67.012,12.54);(72.217,24.482);(15.643,75.432);(15.202,82.646);(63.833,14.301);(78.476,32.707);(50.783,21.987)
(96.913,10.894);(81.674,11.556);(76.81,9.899);(67.113,8.681);(21.809,7.994);(79.953,9.81);(31.356,12.724);(30.482,10.166);(5.094,22.63);(77.029,8.873);(34.714,6.412);(87.336,11.108);(7.735,40.76);(35.178,6.038);(19.551,6.566);(7.847,41.491);(7.899,42.491);(32.332,6.916);(34.19,12.828);(26.222,11.653)
(117.41,14.664);(140.078,17.025);(113.652,14.643);(128.477,12.611);(33.867,16.056);(135.828,15.177);(33.332,13.382);(36.238,16.946);(8.567,44.063);(138.586,17.298);(34.914,7.446);(121.884,13.682);(11.842,46.634);(51.016,9.879);(45.306,21.394);(12.72,50.119);(15.117,76.737);(46.517,11.082);(49.75,21.002);(47.293,15.147)
(63.829,7.4);(96.025,13);(83.361,11.249);(85.688,11.864);(28.264,9.648);(81.035,8.31);(19.149,7.992);(21.05,8.073);(5.421,20.939);(93.718,12.484);(33.816,6.712);(65.845,6.539);(7.28,34.283);(19.525,3.67);(29.772,12.717);(7.257,27.29);(4.959,18.716);(33.497,7.045);(24.584,11.718);(25.233,8.42)
(19.437,2.265);(20.567,2.606);(23.708,3.264);(21.545,2.527);(5.31,2.359);(18.792,2.49);(7.164,3.201);(6.688,2.624);(1.845,7.38);(24.527,3.456);(5.814,0.939);(17.368,2.163);(1.813,8.311);(4.465,1.012);(6.968,2.243);(1.641,8.057);(1.276,6.807);(5.777,0.942);(4.939,2.016);(4.519,1.746)
(135.954,16.257);(135.471,16.79);(125.216,13.833);(136.089,19.293);(33.662,15.03);(141.317,17.347);(41.893,13.642);(46.565,20.019);(13.004,58.215);(137.693,16.916);(41.294,6.869);(133.201,15.483);(9.74,46.766);(33.878,6.443);(58.686,21.993);(10.357,43.679);(10.417,39.327);(58.17,10.359);(34.721,14.562);(41.32,18.997)
(86.261,11.589);(108.874,15.715);(105.374,14.804);(105.233,11.835);(29.211,12.935);(105.194,12.58);(26.532,12.501);(25.54,8.854);(8.227,35.141);(92.729,9.772);(36.056,7.813);(82.907,11.595);(8.97,37.367);(28.751,5.855);(36.951,12.859);(10.356,45.812);(9.081,36.921);(35.113,7.355);(32.549,13.302);(23.966,10.709)
(164.814,23.654);(165.578,23.769);(150.892,20.117);(158.059,18.627);(50.954,21.16);(163.422,19.265);(48.466,16.559);(56.254,23.469);(15.503,82.341);(173.857,25.518);(55.331,12.572);(149.18,15);(16.662,70.436);(53.064,8.911);(55.525,19.357);(15.563,72.526);(16.179,81.332);(58.825,10.482);(69.496,33.353);(71.457,25.218)
(124.834,13.667);(114.553,15.466);(126.137,16.045);(105.674,14.026);(51.283,17.311);(124.253,13.21);(53.613,24.505);(29.388,11.763);(9.064,50.58);(124.555,15.531);(32.795,5.594);(100.974,10.154);(11.681,50.162);(45.008,10.77);(48.315,21.224);(8.584,39.472);(12.423,63.841);(30.533,6.883);(52.614,21.748);(32.604,13.115)
(162.393,20.407);(145.856,18.044);(138.39,16.455);(158.338,20.066);(59.954,26.784);(166.146,23.484);(53.236,22.7);(55.098,23.5);(13.743,76.812);(143.326,18.405);(42.596,7.699);(165.244,16.279);(15.392,83.663);(70.279,16.603);(68.018,30.301);(10.437,46.476);(11.089,52.956);(52.964,10.859);(50.75,19.537);(63.555,26.223)
(130.479,17.832);(110.407,11.608);(108.867,12.915);(121.979,12.299);(41.824,18.388);(129.666,18.002);(43.811,18.637);(29.871,13.535);(7.809,41.567);(103.725,11.562);(35.653,8.212);(106.333,12.596);(11.583,49.005);(31.406,6.518);(34.653,11.373);(13.033,72.533);(9.578,49.452);(33.087,6.778);(35.423,11.758);(32.947,12.815)
(47.232,6.901);(41.951,5.386);(46.748,5.436);(34.133,4.703);(15.575,6.491);(34.646,4.363);(9.154,3.399);(10.278,4.175);(2.656,14.667);(50.451,7.399);(9.54,1.991);(44.014,5.635);(4.101,17.291);(11.692,2.546);(14.715,4.945);(3.538,17.112);(4.093,22.809);(12.381,2.405);(16.145,7.479);(12.617,4.497)
(72.123,8.624);(47.374,6.123);(66.251,7.125);(48.414,5.115);(19.364,7.817);(72.26,8.702);(22.486,8.436);(12.927,5.245);(5.313,21.478);(65.531,7.369);(21.351,3.69);(47.448,6.864);(4.737,22.982);(20.754,4.598);(19.611,8.433);(5.509,30.756);(4.278,21.34);(16.213,3.758);(13.322,5.915);(14.276,6.257)
(105.897,13.701);(98.28,12.7);(78.764,10.399);(78.835,11.469);(36.254,14.439);(98.948,10.154);(31.921,12.732);(26.096,10.002);(6.707,32.514);(90.182,9.473);(29.222,6.197);(90.238,10.533);(9.226,36.186);(23.563,4.297);(25.233,9.575);(9.58,46.714);(6.084,27.365);(24.844,4.909);(31.46,14.786);(33.225,10.695)
(74.792,10.839);(74.238,10.11);(90.188,11.67);(76.167,9.669);(22.351,7.176);(91.407,11.306);(26.712,8.708);(28.707,12.031);(5.501,21.044);(87.185,8.551);(35.807,8.322);(94.176,11.059);(5.963,26.46);(20.451,4.363);(30.194,11.757);(7.792,36.72);(7.061,27.04);(22.272,4.402);(20.074,8.901);(28.61,12.558)
(97.411,12.049);(110.027,11.467);(119.552,17.039);(98.156,12.165);(47.14,15.402);(98.367,13.758);(33.485,11.965);(33.309,13.467);(12.174,48.406);(91.776,9.56);(27.1,4.825);(122.08,16.261);(9.1,48.195);(34.77,6.181);(41.385,16.199);(11.307,49.489);(7.265,29.153);(30.284,6.204);(48.328,21.111);(36.571,15.345)
(39.866,5.184);(42.824,4.778);(60.536,6.597);(48.778,5.615);(12.848,5.592);(68.373,9.507);(14.883,5.325);(17.456,6.864);(3.014,14.557);(53.283,7.822);(14.426,3.15);(70.303,9.214);(3.503,13.904);(12.358,2.629);(13.884,4.665);(4.909,21.364);(4.839,20.594);(20.676,3.536);(14.786,6.874);(19.658,8.288)
(7.96,1.025);(9.513,1.167);(6.412,0.651);(10.334,1.179);(2.116,0.77);(5.997,0.833);(2.801,1.078);(1.852,0.745);(0.451,1.87);(7.507,0.853);(1.85,0.351);(9.524,1.318);(0.589,2.241);(2.662,0.436);(2.611,1.181);(0.658,3.632);(0.546,2.994);(1.668,0.309);(2.88,1.24);(2.49,1.131)
(35.854,4.674);(51.698,6.94);(35.241,3.48);(36.892,4.538);(10.739,5.146);(37.331,4.738);(15.182,5.089);(11.105,5.099);(4.257,17.544);(41.784,4.688);(14.212,2.948);(32.49,3.378);(3.137,15.861);(11.678,2.249);(16.249,7.053);(2.498,11.01);(3.611,18.667);(10.046,2.044);(16.204,5.196);(12.615,5.621)
(25.196,3.08);(21.712,2.884);(22.12,2.194);(28.404,3.623);(8.595,3.985);(25.046,2.628);(6.428,2.648);(7.069,2.356);(2.309,9.829);(30.194,3.071);(8.321,1.583);(18.081,2.394);(2.115,9.068);(8.535,1.933);(9.412,4.02);(1.445,6.471);(2.231,9.521);(6.772,1.294);(5.589,2.336);(9.093,3.374)
(123.216,17.818);(124.654,16.998);(112.997,13.807);(99.198,11.382);(32.824,11.559);(112.765,12.777);(31.544,11.398);(46.412,15.912);(8.571,37.647);(101.093,10.947);(30.084,6.023);(120.732,17.323);(9.951,40.136);(30.666,5.073);(44.841,20);(9.234,41.32);(8.857,37.068);(34.268,6.399);(29.957,10.851);(34.716,15.872)
(130.958,13.21);(144.321,14.23);(148.46,20.067);(157.062,18.229);(55.106,23.368);(157.644,19.549);(46.427,17.541);(39.606,17.723);(13.448,55.36);(142.393,17.363);(38.995,7.074);(139.139,14.187);(14.219,56.534);(49.222,10.432);(47.517,16.714);(10.719,44.396);(15.771,88.909);(55.678,12.067);(68.422,23.392);(52.3,17.061)
(39.424,5.259);(29.222,2.977);(40.629,5.849);(28.601,3.884);(8.921,3.239);(41.819,6.037);(13.37,6.414);(7.47,3.063);(2.226,10.983);(25.767,2.735);(10.459,2.482);(35.438,4.116);(2.074,10.552);(11.447,2.163);(9.491,3.067);(2.33,11.89);(2.175,9.356);(13.303,2.971);(11.616,4.596);(9.585,4.212)
(44.869,4.898);(43.784,4.553);(33.473,3.305);(47.937,5.463);(11.788,5.583);(41.96,5.136);(9.497,4.126);(10.047,4.086);(2.45,12.891);(36.329,4.265);(14.311,3.384);(52.856,5.786);(4.117,16.293);(14.665,3.264);(10.902,4.164);(2.507,12.1);(3.912,15.905);(15.055,3.394);(14.269,4.663);(16.221,6.045)
(75.678,7.664);(98.364,13.855);(91.839,9.491);(97.939,11.34);(34.783,15.384);(86.083,10.479);(27.488,10.741);(24.473,8.184);(8.894,33.621);(99.301,13.156);(28.279,4.992);(75.552,8.506);(7.362,39.553);(33.377,6.918);(35.486,12.37);(8.645,36.51);(6.615,27.031);(32.192,5.936);(30.037,11.391);(37.201,17.362)
(25.353,3.056);(22.294,2.617);(21.05,2.251);(14.224,1.64);(7.265,3.361);(15.604,2.245);(4.777,1.947);(7.419,3.158);(1.08,5.707);(23.04,3.213);(5.689,0.998);(21.541,2.677);(1.592,8.716);(4.201,0.846);(5.827,2.78);(1.606,8.655);(1.14,4.601);(6.175,1.304);(7.348,3.506);(5.668,2.066)
(77.896,10.721);(90.973,9.08);(79.906,10.636);(95.471,11.359);(26.768,11.06);(69.977,8.405);(21.334,7.28);(32.778,12.38);(7.387,31.661);(78.704,9.46);(20.245,3.898);(67.899,8.478);(7.066,29.876);(19.215,3.098);(28.898,10.852);(6.873,38.755);(7.55,36.832);(31.72,6.406);(28.857,9.705);(24.213,8.37)
(137.013,15.636);(149.307,16.091);(132.657,13.775);(147.506,15.102);(65.535,28.406);(157.914,21.086);(51.743,19.431);(45.031,19.991);(16.792,66.783);(128.208,15.651);(49.934,11.112);(148.769,18.892);(10.4,54.677);(37.127,6.195);(55.619,24.85);(15.485,60.749);(11.578,49.493);(36.975,7.781);(66.126,22.19);(56.057,26.382)
(176.489,25.202);(189.62,23.398);(175.016,17.743);(197.273,22.442);(72.279,26.938);(181.149,22.603);(66.109,31.162);(64.067,21.437);(16.729,65.58);(191.836,27.823);(60.043,13.464);(171.654,21.727);(18.237,100.594);(67.717,11.046);(60.196,28.442);(12.909,54.03);(14.536,56.468);(49.395,8.781);(52.839,20.981);(71.894,27.28)
(30.811,4.042);(32.075,4.017);(30.863,3.898);(26.737,3.81);(8.099,2.976);(33.445,3.348);(11.432,5.083);(10.083,4.419);(2.005,7.585);(30.512,3.788);(10.768,2.539);(30.437,3.953);(2.66,10.168);(10.959,1.973);(10.941,5.04);(2.775,12.005);(2.65,14.089);(7.276,1.173);(11.616,4.886);(7.801,3.16)
(94.884,13.838);(103.102,14.044);(95.249,10.034);(97.35,11.767);(33.206,10.662);(89.997,9.097);(33.435,12.92);(34.019,14.275);(6.729,29.566);(107.677,15.576);(43.499,10.242);(108.268,12.507);(10.321,53.798);(30.775,6.667);(34.163,16.161);(8.105,35.28);(6.138,25.428);(29.871,6.9);(27.144,8.73);(39.349,14.725)
(63.941,6.825);(90.421,12.104);(87.144,9.501);(63.991,9.071);(32.081,14.068);(72.929,10.522);(27.983,11.084);(25.056,9.778);(6.123,32.485);(88.628,12.169);(28.819,4.668);(65.338,7.564);(4.52,20.258);(19.826,4.023);(28.97,13.423);(6.92,26.435);(6.488,28.444);(25.003,5.023);(17.734,6.82);(31.342,13.909)
(39.997,4.539);(38.881,3.874);(37.536,4.384);(33.237,3.482);(12.417,4.965);(24.744,2.674);(12.414,4.166);(8.095,2.813);(3.198,17.867);(33.301,3.674);(9.168,1.875);(35.255,4.602);(1.783,7.387);(11.977,2.585);(6.992,2.403);(2.147,10.505);(3.263,17.793);(10.42,1.919);(11.004,5.219);(11.237,3.653)
(28.069,3.036);(33.895,4.413);(33.481,4.513);(33.803,3.78);(10.296,4.886);(38.512,5.329);(13.416,5.114);(8.125,3.778);(3.099,16.829);(29.378,3.9);(11.452,2.422);(42.836,4.356);(2.807,15.372);(10.845,1.993);(11.158,4.311);(2.151,11.242);(3.025,14.924);(8.68,1.941);(13.049,4.363);(8.815,3.254)
(88.706,12.404);(105.075,11.487);(98.436,12.927);(78.624,8.328);(28.995,13.404);(77.602,10.276);(28.892,10.341);(24.688,9.647);(5.518,23.3);(101.768,10.13);(22.858,4.416);(85.443,10.33);(5.762,28.848);(39.453,6.464);(31.297,12.285);(6.7,25.37);(9.579,42.324);(35.975,5.976);(26.914,11.466);(25.961,12.238)
(124.63,14.344);(119.019,15.513);(115.446,11.96);(116.106,14.537);(29.257,12.737);(104.35,13.48);(35.575,13.426);(46.424,18.88);(8.571,38.432);(130.296,18.695);(51.054,11.464);(129.72,16.753);(8.34,44.861);(49.152,9.751);(38.596,15.701);(11.546,63.753);(9.54,51.734);(29.291,5.194);(37.939,12.627);(40.986,15.576)
(65.133,7.025);(70.39,8.719);(53.183,5.929);(64.215,8.037);(16.289,7.619);(60.8,7.955);(24.455,10.722);(21.457,8.799);(3.981,18.199);(71.936,9.041);(16.068,3.853);(78.342,10.498);(5.355,25.767);(24.184,5.153);(17.355,5.827);(6.945,26.187);(4.566,19.115);(17.268,4.071);(20.075,9.248);(27.668,10.136)
(17.72,2.121);(27.331,3.975);(20.649,2.897);(21.688,3.127);(7.6,2.945);(28.354,3.597);(7.806,3.454);(6.505,2.483);(1.974,8.604);(25.617,2.748);(6.43,1.357);(24.85,3.278);(1.591,6.187);(8.323,1.589);(5.715,2.695);(1.868,9.161);(2.187,10.032);(8.365,1.93);(6.232,2.001);(8.126,3.353)
(28.097,3.724);(25.896,2.706);(23.649,3.104);(23.817,2.691);(6.35,2.885);(23.075,2.425);(10.738,3.873);(6.087,2.596);(1.689,7.988);(31.702,4.375);(6.66,1.298);(26.471,3.327);(2.361,13.049);(6.182,1.403);(7.427,3.304);(2.14,11.293);(2.392,10.889);(9.328,1.547);(9.858,3.746);(10.189,3.571)
