20
150
(7.763,2.755);(6.907,1.428);(10.327,4.714);(37.821,5.41);(34.224,3.416);(2.256,10.992);(6.57,2.593);(2.828,12.849);(35.175,3.829);(2.173,11.391);(41.004,4.434);(7.87,3.097);(2.262,11.334);(2.529,14.087);(35.009,3.447);(33.873,3.756);(8.636,4.076);(11.451,4.006);(27.085,2.785);(30.566,3.286)
(45.439,14.835);(30.701,7.217);(31.22,13.778);(104.677,12.241);(114.114,11.761);(10.873,43.196);(40.135,15.4);(10.467,39.823);(109.223,15.913);(10.671,51.147);(102.997,13.747);(41.882,15.444);(9.113,34.292);(9.925,50.907);(115.677,13.846);(103.287,10.391);(29.013,13.761);(32.092,14.071);(114.525,15.696);(92.26,12.63)
(37.233,12.496);(30.484,5.764);(30.064,10.4);(104.722,12.106);(127.823,15.06);(10.005,40.258);(35.13,12.374);(11.309,55.458);(110.782,13.326);(7.355,39.143);(115.986,14.351);(31.962,13.127);(7.744,38.514);(8.619,43.783);(128.147,13.455);(124.7,15.748);(28.85,12.529);(28.666,13.495);(109.595,12.718);(114.128,11.465)
(13.669,6.2);(11.191,2.568);(14.681,5.128);(35.398,4.266);(51.692,6.237);(2.886,12.002);(8.638,3.112);(3.483,14.768);(31.517,4.135);(3.911,17.781);(41.092,4.76);(9.799,3.44);(2.148,9.305);(3.572,14.229);(46.411,5.497);(34.358,3.94);(8.97,3.396);(10.459,4.845);(45.421,5.114);(31.373,4.373)
(1.771,0.845);(1.37,0.286);(2.168,1.027);(6.396,0.736);(4.248,0.62);(0.339,1.538);(1.412,0.54);(0.311,1.719);(6.679,0.686);(0.369,1.416);(5.406,0.686);(2.023,0.869);(0.307,1.436);(0.358,1.423);(4.131,0.588);(4.204,0.56);(1.35,0.504);(1.291,0.454);(7.401,0.848);(5.151,0.659)
(55.575,26.629);(58.574,14.006);(49.783,19.734);(186.917,21.006);(164.034,20.106);(13.121,61.962);(76.92,29.665);(20.947,108.323);(168.449,21.3);(19.848,98.816);(175.512,18.515);(53.211,20.775);(19.64,77.266);(21.638,95.675);(168.062,24.383);(162.266,19.902);(74.357,34.272);(68.956,31.158);(180.168,22.737);(176.946,25.273)
(73.662,29.063);(64.806,12.894);(51.29,20.605);(161.754,17.26);(156.747,17.956);(15.307,83.065);(76.034,30.776);(17.545,69.34);(188.592,23.08);(20.172,101.846);(185.568,21.255);(66.738,24.818);(13.659,51.869);(21.183,104.534);(175.09,20.544);(173.935,25.043);(49.189,21.046);(72.376,23.929);(185.676,20.69);(186.373,18.733)
(35.594,11.913);(29.84,4.904);(36.337,17.122);(126.775,15.373);(123.519,17.854);(12.921,68.804);(30.496,12.866);(9.806,38.059);(119.82,15.179);(10.886,45.148);(126.829,16.061);(46.448,16.624);(10.765,50.142);(13.516,52.902);(122.78,17.857);(125.561,17.308);(51.748,24.363);(42.3,18.625);(109.345,11.245);(105.184,10.67)
(2.491,1.047);(3.255,0.638);(3.23,1.367);(8.603,0.891);(8.2,1.128);(0.684,2.965);(2.894,1.264);(0.896,4.101);(7.288,1.038);(0.556,3.119);(12.22,1.299);(3.462,1.156);(0.58,2.64);(0.562,2.722);(8.134,0.891);(9.741,1.209);(2.465,1.099);(3.521,1.575);(8.587,0.94);(11.295,1.294)
(13.945,4.681);(20.98,4.679);(18.572,7.093);(67.877,7.327);(50.372,6.621);(4.683,21.001);(19.241,8.804);(3.777,17.291);(55.95,6.883);(5.322,20.079);(67.007,9.346);(14.12,5.593);(6.074,27.911);(5.995,28.844);(78.067,8.773);(68.954,9.7);(14.349,4.969);(23.904,8.065);(78.119,9.43);(54.657,5.937)
(25.2,10.482);(25.177,4.033);(28.227,11.216);(96.876,11.116);(91.016,11.387);(8.708,49.037);(39.747,12.745);(9.561,47.897);(93.79,13.251);(7.163,30.607);(104.319,10.499);(27.749,10.755);(10.618,51.066);(7.187,39.552);(101.46,10.896);(105.14,14.61);(32.234,12.365);(44.406,17.097);(107.711,12.046);(100.26,12.99)
(51.245,23.519);(54.006,11.044);(42.004,13.509);(130.546,16.543);(143.759,20.738);(9.817,45.581);(63.491,20.853);(15.82,60.278);(133.748,19.408);(17.071,65.139);(154.736,17.457);(41.71,17.565);(15.465,84.827);(16.148,84.644);(139.279,15.845);(135.484,17.339);(38.234,12.843);(65.686,25.486);(144.63,16.324);(147.02,15.322)
(2.311,0.925);(2.928,0.492);(2.522,0.953);(13.243,1.42);(11.311,1.35);(0.882,3.659);(3.534,1.3);(1.053,4.447);(14.294,1.535);(1.063,4.662);(10.78,1.296);(3.636,1.365);(0.721,2.858);(0.84,3.336);(13.636,1.555);(8.355,0.958);(3.582,1.659);(2.921,1.374);(10.285,1.447);(11.085,1.296)
(42.196,19.451);(29.705,5.358);(39.421,16.428);(97.895,13.315);(80.894,8.824);(10.638,48.92);(26.771,12.217);(10.52,44.792);(81.605,11.53);(6.003,31.64);(103.821,13.425);(31.238,12.718);(9.565,50.71);(9.018,38.595);(109.111,13.902);(97.149,13.031);(42.375,18.094);(27.686,9.346);(88.703,11.005);(82.726,11.868)
(14.205,6.724);(19.87,4.538);(16.879,6.403);(39.335,5.742);(43.244,4.245);(3.139,15.539);(16.795,7.547);(5.096,23.854);(46.78,4.967);(4.168,17.423);(40.61,5.211);(13.231,5.443);(4.984,24.045);(4.611,20.67);(43.412,4.841);(68.265,7.152);(15.218,6.91);(19.624,8.567);(56.069,5.973);(52.436,5.34)
(69.763,28.451);(59.447,11.801);(56.185,18.953);(148.161,17.515);(148.575,20.139);(14.437,80.721);(48.794,23.148);(11.309,48.41);(136.447,16.284);(13.389,50.491);(139.27,17.046);(42.939,20.475);(18.477,90.564);(13.048,69.118);(145.464,19.443);(158.302,18.969);(63.761,30.457);(64.017,28.371);(156.653,18.515);(145.189,20.708)
(75.407,33.052);(64.811,12.837);(52.553,23.473);(181.657,26.019);(180.5,20.141);(14.837,57.464);(57.682,21.725);(21.581,88.679);(163.326,21.444);(15.332,79.638);(161.56,23.696);(48.125,18.349);(19.789,101.251);(19.346,102.596);(172.583,17.935);(188.994,24.504);(74.615,25.098);(68.17,24.296);(176.928,22.178);(160.946,17.523)
(36.165,11.818);(43.222,9.809);(61.629,22.253);(143.614,16.927);(141.095,19.353);(9.266,47.216);(61.219,21.799);(12.2,46.763);(152.584,17.264);(9.301,41.909);(122.439,13.06);(44.22,20.265);(12.642,57.434);(10.045,54.85);(126.384,16.962);(142.547,18.094);(37.768,15.458);(54.632,21.899);(142.884,15.065);(139.559,14.368)
(34.294,14.025);(32.748,7.714);(32.611,15.184);(104.017,14.704);(98.738,12.871);(6.763,35.058);(40.156,15.853);(9.327,37.834);(98.267,12.144);(9.635,44.664);(96.987,11.369);(33.163,13.243);(7.349,36.123);(6.052,31.509);(101.808,12.874);(108.171,14.213);(31.69,14);(31.364,11.194);(80.666,11.311);(80.838,10.38)
(7.831,3.279);(6.872,1.633);(7.62,2.646);(33.818,4.601);(28.906,3.937);(2.051,7.752);(8.964,3.147);(1.956,10.216);(26.153,3.181);(2.91,13.253);(31.29,4.504);(8.597,3.294);(2.669,12.18);(1.875,7.326);(27.101,3.277);(38.054,3.954);(9.977,3.69);(6.321,2.712);(28.002,3.527);(34.925,4.186)
(4.346,1.616);(4.151,0.839);(6.056,2.819);(15.582,2.237);(17.824,2.507);(1.48,5.794);(5.037,1.95);(1.11,5.903);(16.2,1.799);(1.301,5.404);(14.648,1.722);(4.458,2.051);(1.419,5.835);(1.334,5.537);(20.145,2.049);(22.153,2.378);(6.382,2.087);(6.327,2.669);(14.447,1.73);(16.061,1.721)
(32.465,14.278);(26.997,5.834);(22.177,9.654);(92.35,9.715);(89.164,12.177);(5.73,24.643);(18.03,7.713);(4.771,19.98);(75.249,10.217);(6.487,33.683);(76.606,10.719);(17.78,7.231);(4.526,22.097);(6.792,29.554);(92.471,9.566);(71.847,7.105);(25.137,10.215);(31.569,10.799);(63.051,9.109);(72.167,9.294)
(7.721,2.673);(7.205,1.303);(11.183,4.586);(35.908,3.656);(43.442,5.954);(1.864,7.95);(7.979,3.753);(3.293,14.354);(25.779,3.761);(2.148,9.407);(38.566,4.602);(7.088,3.081);(2.797,13.138);(3.332,18.71);(32.347,3.952);(41.415,4.783);(9.768,3.463);(9.114,3.341);(31.033,4.468);(27.103,3.666)
(39.888,16.277);(34.036,6.105);(24.153,9.834);(106.388,15.288);(78.788,9.024);(8.162,33.899);(28.323,9.955);(7.964,31.098);(99.162,13.976);(8.414,39.646);(90.957,9.302);(39.6,18.059);(6.008,33.253);(7.732,35.697);(88.265,9.091);(92.046,12.486);(34.933,11.76);(37.438,14.432);(108.891,15.219);(95.166,13.044)
(6.543,3.013);(8.249,1.427);(10.164,3.964);(38.48,5.344);(25.46,3.317);(2.356,9.342);(7.479,2.779);(2.082,11.022);(23.683,3.258);(2.064,8.213);(34.106,4.266);(11.677,3.823);(1.871,9.331);(2.77,11.762);(22.336,2.734);(40.292,4.33);(11.339,4.05);(10.129,3.674);(28.469,3.971);(30.903,3.056)
(40.648,15.03);(37.898,8.019);(47.498,19.226);(156.336,22.96);(131.551,12.979);(11.632,46.706);(63.07,24.46);(16.35,92.012);(142.829,17.599);(15.336,67.577);(157.095,20.733);(47.123,16.584);(10.847,60.434);(16.93,94.974);(151.409,15.666);(148.206,17.746);(60.154,26.647);(53.89,18.682);(156.119,17.812);(148.387,16.608)
(1.684,0.604);(2.196,0.455);(2.426,0.877);(5.301,0.55);(5.956,0.612);(0.504,2.727);(1.338,0.59);(0.339,1.517);(7.516,0.819);(0.549,2.754);(5.533,0.657);(1.966,0.825);(0.544,2.674);(0.515,2.587);(6.666,0.965);(5.152,0.671);(1.938,0.733);(2.13,0.783);(5.691,0.776);(6.415,0.72)
(46.089,18.311);(30.335,5.796);(45.338,18.73);(109.341,15.79);(116.313,11.726);(8.845,45.707);(34.044,16.117);(13.258,67.549);(105.018,14.176);(13.179,53.543);(110.771,13.67);(50.496,22.799);(12.268,49.32);(8.291,42.14);(108.263,14.751);(121.693,15.321);(44.264,20.226);(31.396,13.864);(112.423,14.563);(110.055,14.579)
(44.99,14.45);(49.817,9.284);(45.134,16.401);(129.033,12.689);(109.862,12.78);(9.483,45.436);(38.332,13.872);(12.43,63.221);(139.944,15.35);(9.356,44.562);(122.327,14.794);(34.932,16.566);(11.955,58.532);(12.529,47.786);(136.389,16.719);(118.064,11.766);(44.748,20.412);(47.81,19.961);(123.318,15.313);(131.654,17.699)
(15.974,6.239);(12.1,2.669);(15.678,5.016);(35.776,4.578);(42.305,4.225);(2.566,14.001);(14.675,5.32);(3.944,21.705);(52.796,5.62);(3.744,17.105);(31.914,3.802);(8.892,3.59);(2.387,10.495);(3.206,13.629);(32.665,3.683);(34.939,4.368);(13.422,4.503);(13.867,5.208);(30.067,4.306);(41.042,4.605)
(17.723,6.039);(13.586,2.579);(17.011,6.884);(47.828,6.768);(47.76,5.43);(3.926,19.865);(19.564,8.18);(3.796,20.238);(63.387,9.257);(3.095,16.713);(61.868,7.984);(16.87,6.683);(4.858,22.985);(4.105,18.285);(63.197,9.072);(58.822,6.261);(14.155,6.004);(21.89,8.389);(41.111,4.964);(64.282,7.167)
(48.172,16.684);(42.401,7.237);(36.515,17.226);(119.362,12.697);(122.988,12.781);(15.79,80.924);(43.873,14.672);(15.059,59.847);(142.365,14.349);(10.982,57.209);(123.22,16.213);(43.28,17.922);(12.417,51.678);(13.128,63.347);(139.878,17.246);(139.91,19.032);(38.598,16.698);(52.015,20.082);(138.244,18.056);(126.156,17.787)
(29.691,13.316);(16.722,2.764);(25.636,10.179);(77.934,10.027);(83.991,9.214);(5.142,22.734);(20.781,7.577);(5.086,20.554);(78.768,8.575);(4.903,23.391);(57.244,6);(16.529,6.523);(5.881,29.771);(7.312,27.765);(82.138,8.282);(66.415,7.599);(18.015,6.612);(21.411,8.211);(60.526,6.567);(58.98,7.938)
(17.903,8.272);(18.974,4.427);(18.585,6.561);(45.997,4.563);(63.539,8.017);(4.219,20.355);(15.267,5.047);(4.762,21.526);(39.913,4.502);(3.287,17.013);(41.901,5.294);(17.589,5.68);(4.304,20.028);(3.863,20.466);(38.953,4.779);(39.785,4.018);(18.309,6.77);(11.549,4.836);(41.685,5.223);(57.977,6.67)
(42.485,17.779);(36.38,6.86);(30.839,14.148);(90.007,9.293);(103.521,10.621);(9.356,45.347);(35.368,13.227);(9.867,49.171);(92.869,11.534);(6.602,29.17);(102.238,10.436);(36.278,13.141);(6.568,26.846);(6.282,32.794);(109.311,12.642);(85.705,12.401);(44.551,15.233);(25.04,8.398);(95.125,12.082);(91.67,13.01)
(11.494,4.59);(16.194,3.412);(11.228,3.955);(46.059,6.761);(44.584,4.85);(4.513,21.382);(11.267,4.236);(3.481,15.027);(46.041,6.309);(3.933,17.342);(55.901,5.616);(15.065,7.004);(4.8,19.04);(4.878,22.153);(43.606,4.517);(56.733,7.363);(11.162,5.061);(16.355,6.936);(65.588,8.622);(47.064,5.094)
(1.767,0.844);(2.309,0.513);(2.164,0.93);(5.37,0.738);(6.666,0.968);(0.443,1.885);(2.24,0.97);(0.422,2.281);(6.788,0.721);(0.485,2.36);(4.573,0.528);(1.746,0.717);(0.535,2.713);(0.507,2.651);(6.122,0.618);(5.714,0.826);(2.201,0.82);(1.771,0.829);(5.791,0.758);(5.585,0.604)
(58.32,25.97);(54.6,10.058);(42.936,16.994);(151.039,15.914);(167.592,20.901);(10.393,48.715);(66.507,21.721);(17.725,94.069);(151.83,20.341);(12.139,46.52);(154.799,18.791);(63.559,26.178);(14.557,73.72);(16.084,61.29);(151.029,20.83);(148.887,15.543);(44.764,15.527);(72.555,31.689);(162.845,17.025);(143.454,19.869)
(43.59,18.292);(42.581,10.038);(34.919,15.775);(104.633,13.484);(91.226,12.635);(7.396,38.876);(28.542,11.968);(12.248,51.358);(107.998,13.262);(11.486,59.281);(108.054,14.803);(26.577,9.993);(7.688,29.619);(6.966,37.412);(118.224,13.365);(104.807,10.681);(35.712,14.344);(28.624,11.378);(115.941,11.876);(95.927,11.989)
(31.981,14.857);(30.581,6.543);(34.547,13.737);(117.401,13.268);(121.714,15.649);(6.91,28.825);(36.395,16.451);(8.056,37.842);(94.248,10.058);(7.15,32.478);(111.95,16.044);(32.244,11.186);(9.828,43.276);(12.285,48.125);(111.557,11.54);(109.185,12.066);(35.692,16.92);(36.519,14.349);(95.395,13.401);(113.581,13.353)
(48.905,17.247);(45.094,8.189);(48.779,16.513);(120.767,17.195);(134.655,18.2);(10.448,44.936);(49.732,15.936);(12.257,53.233);(138.001,15.244);(8.242,37.449);(108.566,14.484);(34.52,12.314);(8.12,41.15);(11.144,43.779);(120.001,15.907);(115.051,16.589);(50.774,19.691);(38.704,18.411);(139.19,15.334);(110.291,13.414)
(59.459,23.817);(72.469,12.989);(46.016,19.174);(157.516,21.416);(152.174,16.351);(14.522,72.381);(75.886,27.042);(13.608,51.84);(171.307,24.713);(13.223,66.864);(152.81,16.672);(69.984,27.775);(18.376,76.456);(13.198,52.763);(163.085,17.885);(169.831,22.459);(71.935,28.159);(55.996,18.395);(166.263,21.83);(162.576,20.886)
(40.445,17.764);(37.382,7.862);(40.174,18.518);(121.264,13.613);(117.118,13.133);(11.297,49.738);(53.159,22.245);(12.289,59.233);(119.793,13.8);(8.324,38.034);(113.209,14.937);(54.112,19.001);(14.106,57.668);(10.384,45.435);(130.384,13.196);(119.453,12.56);(40.083,15.772);(32.655,14.488);(121.273,14.387);(130.715,14.915)
(27.575,11.584);(35.612,7.272);(23.43,9.881);(82.279,10.158);(74.893,7.948);(6.93,33.125);(20.24,9.426);(8.45,32.135);(87.241,12.41);(9.189,48.108);(85.86,12.285);(32.777,12.65);(9.158,44.944);(8.287,36.124);(78.243,10.796);(89.834,13.142);(29.23,9.983);(31.867,10.736);(99.141,10.181);(94.505,9.62)
(9.671,3.134);(9.454,1.897);(7.039,2.579);(40.295,4.65);(25.306,3.402);(2.923,15.538);(9.636,4.253);(3.022,15.954);(31.591,4.154);(3.063,13.525);(26.332,3.169);(11.958,4.245);(2.818,14.336);(2.156,8.14);(38.017,4.023);(39.892,4.766);(8.944,3.057);(8.82,3.582);(40.754,4.913);(42.166,4.334)
(59.86,25.533);(60.753,10.696);(44.367,20.999);(127.264,16.732);(131.031,14.39);(13.531,63.538);(55.298,21.537);(9.738,47.169);(140.793,14.982);(13.591,63.446);(136.733,18.247);(61.667,24.233);(16.093,64.607);(12.761,57.217);(132.778,15.726);(140.588,14.764);(35.582,13.41);(43.038,14.017);(148.322,19.342);(138.349,15.76)
(1.428,0.458);(1.641,0.367);(1.295,0.553);(5.813,0.638);(6.617,0.883);(0.498,2.775);(1.15,0.543);(0.366,1.923);(4.829,0.613);(0.514,2.248);(6.397,0.757);(1.721,0.812);(0.339,1.682);(0.42,1.644);(6.568,0.956);(5.443,0.652);(1.199,0.394);(1.725,0.714);(5.416,0.789);(6.468,0.931)
(46.345,15.343);(31.693,6.939);(50.508,18.591);(117.193,15.983);(121.206,15.345);(12.724,68.73);(30.932,13.431);(13.309,61.575);(120.414,12.222);(11.481,47.74);(116.656,13.938);(30.718,14.65);(12.781,50.507);(8.857,33.566);(119.647,17.412);(113.564,14.325);(50.026,18.747);(31.239,10.408);(130.612,16.757);(124.195,13.645)
(21.295,7.482);(15.028,3.051);(18.715,8.897);(47.601,6.938);(64.438,8.763);(5.525,29.861);(21.661,7.33);(4.267,20.925);(66.332,6.587);(4.318,21.894);(76.709,10.278);(21.041,9.634);(5.799,24.842);(5.699,25.081);(78.951,7.892);(68.547,8.635);(20.318,7.305);(22.033,9.493);(53.563,7.099);(73.477,10.682)
(36.775,17.504);(27.835,5.399);(27.831,9.773);(95.292,13.003);(79.702,10.588);(7.402,31.603);(27.992,13.299);(7.435,40.233);(83.42,9.719);(8.548,35.191);(97.321,11.736);(34.606,13.168);(7.863,37.496);(7.437,33.321);(83.979,10.918);(90.851,9.779);(24.571,8.566);(25.184,8.305);(74.064,7.919);(75.814,8.204)
(45.088,21.495);(44.827,9.395);(54.054,20.293);(124.354,17.541);(111.552,11.85);(11.327,53.816);(49.704,17.628);(13.586,57.999);(120.446,12.285);(13.352,59.801);(122.735,17.234);(42.075,19.291);(13.405,60.414);(8.476,44.21);(113.654,11.835);(105.36,13.897);(41.106,15.755);(54.719,24.533);(105.375,13.794);(132.124,18.877)
(11.47,4.015);(13.131,2.873);(13.63,5.54);(44.891,5.105);(45.393,4.475);(2.389,13.45);(11.976,4.589);(2.518,13.835);(28.248,3.802);(2.681,14.92);(35.143,4.626);(8.716,3.836);(3.33,12.76);(3.278,14.939);(46.994,5.067);(32.915,4.517);(12.265,4.259);(9.907,3.341);(43.744,6.079);(35.085,4.286)
(58.589,26.102);(50.176,11.159);(39.193,14.419);(117.225,14.89);(147.971,19.077);(11.497,49.161);(54.3,20.915);(10.659,51.234);(127.567,14.394);(11.437,58.963);(133.829,13.692);(47.392,21.161);(10.039,50.409);(11.696,64.197);(123.528,16.896);(139.159,20.182);(47.278,17.676);(35.892,13.835);(140.73,15.04);(131.205,13.88)
(5.722,1.98);(7.236,1.424);(5.559,2.101);(31.389,3.234);(19.506,2.708);(2.106,9.089);(7.1,2.877);(1.388,6.052);(29.78,4.001);(1.913,9.787);(26.08,3.277);(9.13,3.752);(2.166,9.507);(2.275,11.353);(22.478,2.69);(28.607,3.677);(5.851,2.347);(5.857,1.877);(28.174,2.917);(30.669,3.076)
(36.179,17.127);(45.805,8.411);(38.377,12.947);(118.326,15.533);(129.863,18.464);(10.015,39.658);(39.544,13.121);(12.823,49.196);(109.015,12.299);(10.584,51.169);(121.255,16.008);(51.763,20.824);(10.838,43.492);(7.342,35.037);(107.877,11.029);(122.924,15.142);(47.26,19.376);(40.664,18.686);(100.417,13.499);(118.28,14.586)
(29.064,12.084);(25.124,5.962);(28.058,9.893);(89.85,12.585);(82.729,9.923);(6.204,28.683);(28.588,12.742);(10.107,42.997);(109.621,12.61);(10.846,50.044);(95.936,10.21);(30.84,11.612);(7.789,30.493);(10.553,43.507);(108.544,13.768);(93.033,11.926);(35.148,12.05);(32.009,11.091);(89.736,9.251);(103.907,12.533)
(13.587,5.685);(18.05,4.074);(19.728,8.839);(71.29,10.456);(60.202,5.932);(4.357,18.726);(16.741,7.554);(4.361,19.642);(65.01,7.956);(4.365,18.073);(70.456,7.097);(21.312,7.127);(5.077,28.089);(5.162,23.405);(44.461,5.285);(46.632,6.73);(17.424,7.903);(17.656,8.313);(57.424,7.399);(51.134,7.431)
(20.482,7.489);(30.335,6.548);(24.866,10.519);(81.684,12.002);(72.374,8.662);(7.246,28.101);(18.679,6.753);(6.426,31.008);(81.324,9.755);(7.163,35.038);(76.027,8.643);(19.091,7.441);(5.071,21.537);(5.96,26.61);(77.401,10.093);(89.919,11.655);(21.257,9.345);(24.421,8.597);(85.946,9.004);(72.803,9.363)
(48.023,22.772);(74.293,15.615);(67.953,22.882);(169.218,21.561);(171.742,20.659);(16.279,61.736);(53.731,25.437);(15.842,72.666);(154.872,19.119);(11.568,52.355);(169.253,16.715);(72.348,25.789);(12.271,56.926);(19.521,97.408);(171.689,22.739);(165.875,22.385);(75.15,33.732);(42.916,17.236);(164.629,21.019);(169.89,19.737)
(24.059,10.493);(24.89,4.826);(25.805,11.915);(82.92,11.796);(75.439,8.842);(9.362,41.361);(27.56,11.994);(6.348,29.946);(87.747,9.125);(5.905,32.247);(96.694,12.267);(32.52,11.886);(8.698,36.555);(9.213,40.872);(74.135,8.647);(99.934,10.136);(20.139,8.167);(21.828,7.52);(85.695,10.697);(92.077,9.264)
(63.566,21.633);(71.391,12.625);(41.888,17.078);(162.984,17.061);(145.639,21.066);(16.496,70.077);(58.616,23.661);(16.143,88.915);(153.017,21.045);(18.782,96.716);(146.103,18.979);(68.282,28.753);(11.277,43.048);(14.601,70.173);(153.567,18.67);(165.245,23.358);(52.238,17.938);(47.564,19.478);(156.012,18.769);(147.499,19.99)
(35.505,15.038);(59.726,9.88);(36.859,17.32);(121.367,12.535);(146.85,20.471);(9.072,40.188);(53.512,20.417);(15.924,69.743);(152.316,15.225);(11.564,53.09);(135.758,19.016);(44.572,16.045);(11.254,43.781);(10.868,59.966);(131.74,16.154);(145.278,21.032);(51.828,21.002);(57.034,25.183);(137.972,16.747);(126.256,16.381)
(50.808,21.427);(47.517,10.085);(64.109,25.167);(158.886,21.226);(163.14,16.244);(18.497,94.135);(70.782,29.608);(12.511,66.356);(165.391,22.365);(19.67,82.632);(180.355,25.149);(72.651,32.838);(20.361,78.174);(18.814,88.671);(181.477,20.777);(168.033,21.583);(50.325,20.331);(62.582,25.762);(155.221,16.067);(155.7,15.842)
(54.055,17.9);(77.117,14.926);(69.093,22.204);(167.257,17.155);(192.359,22.165);(16.36,79.641);(54.96,19.309);(13.862,52.835);(184.269,23.966);(14.262,65.383);(190.641,23.74);(58.2,25.682);(13.971,55.114);(15.162,68.603);(170.717,22.06);(163.586,17.671);(77.705,29.221);(79.182,37.644);(165.976,16.287);(166.059,17.249)
(64.665,29.631);(70.678,13.536);(48.1,21.094);(165.477,18.137);(152.957,18.852);(15.337,72.819);(72.918,31.334);(17.799,80.001);(157.035,20.2);(18.365,97.278);(160.175,16.049);(59.147,20.688);(11.024,52.443);(11.711,58.082);(170.216,17.662);(158.562,16.787);(67.97,26.757);(73.223,24.5);(141.12,18.561);(165.209,22.365)
(15.056,7.059);(20.214,4.829);(15.451,6.56);(46.457,5.11);(68.744,6.788);(5.855,23.633);(22.631,10.66);(3.807,19.399);(73.464,8.387);(3.265,14.186);(73.44,9.473);(16.223,7.564);(4.051,15.592);(3.692,14.207);(67.483,9.339);(61.038,8.529);(12.782,6.088);(14.382,5.698);(72.444,9.167);(64.891,6.72)
(14.275,5.886);(16.028,3.684);(14.987,6.44);(34.668,3.978);(61.012,8.548);(3.869,16.213);(11.892,5.295);(3.367,16.102);(34.764,3.426);(4.226,19.299);(55.813,5.544);(10.938,3.622);(4.552,21.708);(2.584,12.828);(35.369,4.969);(48.318,6.987);(16.595,5.757);(11.409,5.103);(39.79,4.585);(55.639,5.507)
(15.387,6.384);(10.382,2.231);(10.229,4.599);(53.468,5.912);(38.579,3.812);(2.386,13.23);(10.956,4.598);(2.649,12.227);(52.894,6.339);(2.365,12.914);(38.901,5.177);(14.833,6.041);(2.417,9.53);(3.601,13.924);(30.518,3.522);(54.348,5.796);(16.307,5.79);(11.461,4.495);(31.531,3.94);(48.11,6.126)
(59.133,25.964);(43.411,10.06);(55.695,19.228);(135.712,15.038);(116.842,14.22);(11.107,47.832);(58.255,26.008);(13.499,64.99);(141.327,16.052);(13.103,55.689);(138.163,20.046);(52.913,18.675);(9.376,35.505);(11.623,54.265);(134.46,18.115);(124.027,14.223);(60.808,23.463);(37.835,12.922);(115.507,13.721);(144.497,20.844)
(51.57,17.219);(66.021,13.024);(51.261,24.533);(157.218,18.26);(172.575,24.186);(18.042,90.539);(62.285,23.002);(14.972,71.474);(170.951,19.638);(18.899,102.811);(158.206,19.658);(48.849,21.577);(16.109,76.274);(10.817,53.034);(165.646,22.155);(165.13,20.732);(65.235,30.243);(54.151,19.791);(150.974,16.266);(170.044,19.272)
(51.859,16.878);(61.666,10.802);(50.184,21.543);(158.443,19.781);(175.281,25.301);(15.499,60.435);(64.271,30.163);(14.146,58.283);(169.334,21.921);(13.357,57.91);(174.848,21.976);(66.251,21.614);(12.707,56.996);(20.48,109.077);(162.659,21.745);(159.015,21.87);(54.183,22.321);(50.574,18.946);(166.774,20.753);(158.85,18.489)
(14.611,5.01);(18.464,3.281);(19.476,7.492);(51.742,7.57);(46.39,5.263);(3.221,17.181);(15.033,5.714);(5.029,26.97);(53.742,6.987);(4.168,21.138);(46.496,5.728);(13.497,6.025);(3.197,16.628);(3.51,16.158);(70.039,8.418);(71.947,7.63);(21.403,10.185);(19.713,7.439);(66.888,8.925);(50.245,7.099)
(23.238,8.988);(18.775,3.198);(19.055,7.277);(72.016,9.167);(78.858,10.932);(5.739,25.289);(17.932,8.471);(4.644,19.769);(68.629,7.914);(7.345,40.613);(89.313,9.337);(22.931,10.157);(6.121,25.991);(7.532,30.442);(82.404,9.26);(80.458,9.538);(22.922,10.882);(22.737,7.577);(78.922,7.745);(89.285,11.638)
(25.348,10.259);(35.797,6.962);(42.986,15.533);(100.654,12.219);(108.547,12.956);(9.905,47.878);(30.661,10.593);(7.825,37.882);(95.71,12.294);(6.897,30.223);(105.56,14.267);(37.232,12.414);(10.347,50.145);(10.896,48.021);(107.764,10.618);(89.597,12.958);(34.355,13.192);(26.623,10.348);(102.749,10.149);(89.922,10.364)
(20.309,6.855);(25.369,5.724);(25.728,11.859);(77.448,7.867);(72.776,9.324);(6.1,31.974);(19.537,6.764);(4.719,24.331);(74.777,9.995);(5.624,26.003);(68.641,7.445);(16.592,6.948);(6.77,26.891);(4.915,24.68);(55.068,5.592);(77.937,9.91);(20.11,7.635);(27.108,10.833);(84.068,8.745);(82.798,11.466)
(20.936,8.451);(29.555,4.829);(19.814,7.562);(75.354,8.381);(72.159,7.365);(7.774,37.713);(25.189,8.692);(7.41,40.083);(87.915,10.968);(6.007,27.874);(81.786,9.457);(30.583,12.399);(8.339,31.527);(6.284,28.882);(85.683,9.154);(91.348,13.228);(18.091,8.048);(19.024,7.854);(60.841,7.145);(65.965,6.67)
(17.063,7.368);(14.637,2.971);(13.871,6.502);(41.019,4.739);(67.202,7.557);(3.088,14.602);(17.342,7.173);(3.76,16.985);(70.331,9.39);(3.22,16.852);(42.636,5.968);(20.437,9.229);(3.713,15.698);(4.003,21.966);(51.109,5.438);(62.073,7.836);(15.114,5.581);(12.413,5.017);(69.834,7.757);(47.508,4.941)
(33.1,10.678);(28.278,5.671);(31.624,13.858);(89.16,11.598);(114.614,12.315);(11.349,45.848);(39.656,13.056);(7.686,30.554);(113.021,11.462);(11.165,50.045);(88.507,11.504);(29.48,13.348);(11.743,47.03);(10.556,40.823);(117.204,13.437);(100.216,10.917);(42.132,16.661);(39.643,14.176);(88.807,11.504);(116.105,14.615)
(27.891,11.606);(35.907,6.827);(25.448,11.526);(107.397,12.754);(95.391,11.53);(10.684,53.131);(37.037,16.684);(7.355,29.955);(91.951,9.979);(11.221,48.915);(113.02,15.25);(29.353,12.839);(8.438,38.716);(8.631,35.3);(113.679,13.315);(96.218,10.605);(35.376,14.197);(33.143,15.184);(85.546,10.34);(113.218,13.425)
(45.48,15.469);(53.485,11.872);(60.636,25.196);(167.666,21.741);(168.489,19.465);(11.728,44.725);(54.215,22.722);(13.587,62.047);(142.451,20.616);(17.426,70.029);(140.788,14.649);(62.058,28.381);(18.004,87.099);(14.911,67.357);(146.587,20.839);(162.841,16.166);(61.125,24.505);(65.743,30.711);(152.65,19.227);(159.208,20.769)
(32.275,12.696);(33.777,7.178);(28.855,11.586);(105.035,13.391);(100.662,11.058);(8.795,34.787);(33.968,12.456);(7.851,40.604);(103.945,13.849);(9.834,52.167);(110.195,13.684);(46.985,19.763);(6.982,32.379);(12.281,55.744);(96.44,11.665);(117.42,15.24);(34.853,15.378);(32.88,14.548);(109.177,14.58);(98.402,13.847)
(47.107,15.238);(62.384,11.814);(55.195,22.428);(167.896,18.007);(173.923,24.007);(13.887,54.763);(58.948,21.28);(15.193,69.798);(156.665,16.822);(17.515,75.564);(149.152,20.916);(55.449,21.651);(19.178,85.147);(18.734,70.655);(150.726,15.476);(161.502,15.839);(68.084,31.899);(66.643,24.703);(152.805,19.75);(156.524,19.623)
(36.951,17.672);(37.898,7.748);(35.805,16.554);(108.413,11.638);(116.583,12.929);(6.712,34.487);(30.922,10.93);(8.634,40.844);(113.084,13.137);(9.536,37.66);(93.911,11.023);(30.159,10.256);(6.886,34.84);(6.945,28.568);(108.53,11.941);(115.957,13.874);(35.805,15.471);(40.322,14.656);(93.18,10.047);(103.429,14.661)
(53.574,25.278);(41.773,7.797);(41.096,15.583);(159.592,16.771);(130.995,19.072);(17.665,91.972);(50.429,18.443);(15.319,58.282);(160.816,20.141);(12.508,54.737);(161.916,23.102);(58.293,18.912);(12.031,61.27);(12.497,65.49);(141.696,17.599);(142.247,17.764);(61.273,23.171);(62.092,27.994);(131.442,13.671);(160.893,22.415)
(59.907,20.256);(48.591,10.712);(36.221,12.59);(146.706,17.276);(125.165,18.132);(15.923,60.162);(50.455,23.522);(13.09,63.736);(151.408,16.793);(10.577,48.957);(141.985,17.555);(36.814,16.381);(13.348,62.91);(16.108,63.93);(150.317,18.955);(146.187,17.354);(60.412,28.223);(46.877,17.253);(132.983,15.186);(146.939,21.025)
(50.075,16.291);(45.575,9.796);(28.707,10.158);(100.843,11.528);(127.344,15.586);(13.086,67.116);(35.673,14.395);(8.278,35.433);(110.537,13.017);(11.463,50.274);(113.779,11.846);(39.086,13.161);(12.966,54.45);(10.484,44.008);(128.063,15.846);(126.26,12.451);(34.707,15.62);(35.806,17.033);(97.443,12.082);(121.737,12.379)
(67.113,23.721);(43.622,10.072);(41.826,17.483);(167.196,20.943);(155.878,16.17);(12.399,68.339);(56.962,25.987);(15.286,81.867);(163.751,21.152);(12.337,50.97);(166.366,22.536);(46.399,18.213);(12.225,53.391);(17.042,75.99);(164.902,22.28);(143.228,19.448);(58.382,25.544);(66.727,25.144);(150.401,16.37);(151.275,18.594)
(52.389,20.869);(67.51,13.911);(57.606,21.144);(167.599,19.497);(160.554,17.121);(12.027,51.642);(62.062,21.718);(20.451,103.506);(170.758,21.761);(19.428,91.203);(168.75,23.097);(46.563,18.105);(14.749,80.417);(19.187,99.95);(165.868,24.021);(159.601,19.581);(73.356,29.176);(59.74,25.629);(158.308,16.107);(179.71,20.073)
(17.578,7.62);(16.848,3.315);(16.719,6.139);(75.129,9.249);(80.415,9.288);(6.91,38.07);(15.681,7.045);(6.627,26.074);(74.393,7.405);(5.22,24.147);(71.039,7.634);(17.285,7.442);(6.882,26.736);(6.532,31.625);(62.325,7.38);(58.088,8.465);(25.375,12.072);(23.631,10.547);(62.29,8.225);(75.17,10.916)
(28.481,12.77);(31.291,5.136);(24.198,9.106);(94.843,12);(83.809,8.81);(7.793,30.856);(27.233,11.645);(9.911,42.933);(103.401,11.435);(6.107,30.237);(91.45,12.694);(23.851,9.284);(10.194,46.619);(9.906,37.277);(99.894,13.873);(89.314,10.671);(35.53,12.873);(30.669,12.231);(95.963,10.04);(108.814,14.579)
(48.015,19.026);(29.852,6.748);(54.012,23.079);(123.12,12.778);(126.196,13.919);(11.131,48.534);(32.185,14.957);(10.249,42.946);(124.206,15.413);(9.04,36.461);(122.071,14.009);(29.796,12.771);(13.925,78.43);(10.408,51.148);(125.68,16.176);(134.567,17.437);(50.285,20.867);(31.921,11.783);(112.781,11.276);(123.695,18.078)
(37.809,12.567);(37.89,8.351);(61.149,24.54);(119.247,16.485);(148.119,20.604);(10.588,50.217);(52.889,17.865);(13.241,54.165);(142.681,18.664);(9.737,44.828);(132.058,14.479);(44.27,20.407);(9.017,33.92);(16.197,62.344);(134.21,13.601);(146.107,14.982);(44.637,17.962);(40.284,16.405);(120.684,14.818);(148.665,18.938)
(1.712,0.586);(1.733,0.3);(2.179,1.041);(6.759,0.685);(4.521,0.628);(0.457,1.872);(2.185,0.946);(0.531,2.816);(6.062,0.847);(0.482,2.084);(6.019,0.727);(2.22,0.865);(0.337,1.507);(0.474,2.194);(4.169,0.412);(7.447,0.987);(1.258,0.458);(2.135,1.012);(7.211,0.766);(7.608,1.022)
(74.219,26.339);(73.204,16.624);(65.907,22.098);(159.709,20.034);(179.94,25.324);(18.656,99.491);(56.341,19.323);(17.477,90.98);(163.176,19.983);(12.474,55.714);(165.218,23.552);(53.037,18.638);(12.419,49.091);(16.667,75.051);(175.729,24.85);(178.079,18.497);(49.698,17.67);(62.972,25.269);(189.049,20.521);(179.743,19.714)
(4.872,1.888);(5.364,1.175);(6.702,3.027);(17.081,1.723);(19.041,2.269);(2.051,11.074);(5.156,2.321);(1.343,5.103);(15.744,2.011);(1.742,7.135);(17.537,2.513);(5.147,1.825);(1.861,8.266);(1.481,5.911);(20.259,2.661);(15.693,1.843);(5.338,2.168);(6.293,2.912);(21.322,2.89);(27.313,2.97)
(72.23,30.227);(46.093,9.3);(72.024,26.734);(153.551,20.498);(158.43,17.937);(11.651,62.843);(51.554,16.729);(11.189,45.855);(156.05,17.103);(14.877,59.55);(177.738,17.731);(50.87,20.929);(18.598,92.275);(12.306,54.274);(162.186,17.633);(168.315,18.883);(58.167,20.146);(73.931,28.69);(172.315,17.583);(156.306,21.466)
(41.648,18.439);(45.189,8.943);(45.968,20.56);(107.718,11.095);(118.602,16.276);(10.463,39.931);(34.35,12.908);(10.129,52.005);(89.342,9.796);(11.549,54.406);(102.218,11.507);(25.928,10.466);(9.723,43.999);(7.068,32.509);(104.145,14.08);(119.974,16.489);(26.16,12.286);(34.476,15.985);(120.703,12.156);(115.137,16.207)
(20.721,6.985);(19.847,3.278);(22.012,9.609);(60.095,7.621);(79.991,8.307);(5.144,28.416);(15.634,6.818);(5.86,31.575);(80.525,8.472);(4.12,16.724);(76.582,10.858);(20.263,6.607);(5.682,22.232);(6.479,27.028);(62.057,7.712);(64.506,7.314);(21.156,9.554);(23.44,8.355);(57.608,6.156);(51.679,6.046)
(14.89,5.027);(18.321,3.455);(14.769,5.956);(77.914,8.87);(68.106,7.598);(4.037,19.425);(14.727,6.011);(6.032,26.233);(73.948,10.091);(5.964,28.712);(57.706,7.748);(24.886,8.692);(3.901,16.087);(3.915,16.824);(50.035,6.993);(64.67,7.876);(16.296,7.431);(16.67,7.737);(59.914,7.528);(73.78,9.889)
(30.615,12.301);(30.956,6.159);(34.001,13.422);(112.48,13.069);(107.799,11.804);(10.022,54.373);(32.489,13.571);(9.483,46.878);(114.166,15.934);(8.994,34.749);(102.485,10.672);(35.541,15.452);(8.195,41.714);(8.904,49.146);(116.223,17.058);(113.549,15.025);(38.402,13.012);(33.458,12.46);(109.923,15.96);(106.689,13.494)
(15.11,6.968);(21.201,3.532);(19.417,7.922);(43.177,4.778);(70.973,8.302);(4.42,16.722);(18.139,8.342);(5.17,20.619);(72.641,9.02);(3.913,21.858);(74.032,9.674);(16.327,7.485);(3.274,14.262);(4.005,21.377);(44.443,5.722);(41.745,4.366);(20.383,9.135);(21.384,7.529);(69.477,6.864);(66.954,7.923)
(61.956,22.337);(43.504,8.146);(62.608,27.841);(140.854,19.597);(144.398,20.649);(9.717,45.134);(38.023,16.685);(13.827,55.323);(132.09,13.762);(16.707,80.179);(159.725,16.149);(53.569,25.186);(17.362,93.231);(15.439,72.33);(155.441,17.764);(151.26,21.606);(40.546,18.75);(47.351,19.393);(131.347,14.882);(127.602,14.207)
(37.123,16.593);(39.1,7.599);(34.497,15.36);(118.848,14.037);(116.579,11.731);(10.191,44.278);(39.995,15.738);(13.134,52.608);(134.794,14.389);(8.199,38.367);(129.327,15.358);(53.603,21.024);(14.062,53.405);(10.991,53.303);(118.589,17.055);(109.441,11.298);(42.569,17.441);(35.81,16.147);(125.072,17.602);(134.969,19.229)
(55.576,21.562);(34.677,5.551);(54.93,18.221);(131.803,16.51);(128.029,16.453);(13.89,57.161);(46.053,18.924);(11.5,60.752);(138.931,18.987);(14.017,54.056);(131.636,13.953);(36.331,16.934);(15.93,62.246);(10.68,55.595);(138.214,18.862);(144.939,18.595);(42.945,15);(58.667,21.057);(143.588,15.154);(126.398,15.201)
(7.999,3.463);(8.919,1.587);(6.87,2.865);(27.839,3.764);(21.884,2.74);(2.825,14.035);(9.254,3.149);(1.668,7.368);(30.143,4.235);(2.123,8.718);(32.791,4.011);(7.604,3.572);(2.152,11.485);(2.502,10.651);(24.323,2.998);(35.245,4.066);(9.351,3.264);(8.181,3.924);(32.825,4.157);(26.269,3.047)
(62.219,20.458);(67.454,12.819);(63.974,30.15);(179.475,18.331);(183.564,19.99);(12.252,63.884);(72.918,31.381);(19.914,86.907);(185.646,22.589);(21.878,102.971);(179.472,26.13);(56.146,22.296);(14.372,57.789);(14.221,58.175);(189.103,19.438);(176.74,20.846);(56.787,18.374);(48.787,17.733);(195.554,20.119);(169.055,24.528)
(26.32,12.402);(19.816,3.353);(18.381,8.389);(53.28,5.659);(69.456,8.069);(4.832,25.923);(26.069,10.159);(6.858,29.086);(63.298,8.916);(3.779,20.438);(74.788,10.591);(15.681,5.192);(4.407,23.01);(6.014,25.283);(50.596,6.984);(57.947,7.045);(22.581,9.49);(24.887,10.545);(53.678,6.398);(57.673,7.984)
(51.364,18.365);(49.02,8.761);(68.227,30.936);(141.09,17.586);(155.417,18.12);(10.455,50.857);(58.322,24.732);(14.134,61.762);(151.792,19.717);(12.372,54.231);(163.784,21.07);(70.982,22.758);(11.316,56.91);(15.883,61.494);(142.166,18.606);(161.872,20.177);(60.164,26.928);(43.885,17.738);(141.626,17.967);(151.085,19.668)
(7.757,2.67);(5.105,1.018);(5.898,1.931);(21.899,2.55);(17.609,1.763);(1.981,9.098);(6.581,3.022);(1.465,7.956);(23.405,2.605);(1.789,9.45);(30.286,3.982);(7.555,3.322);(1.902,9.574);(2.097,10.209);(29.453,3.674);(27.954,3.722);(5.576,1.974);(5.897,2.07);(24.071,3.217);(29.046,3.423)
(64.935,27.382);(47.051,10.162);(52.157,17.383);(143.107,19.274);(141.313,18.644);(11.966,46.363);(46.04,15.674);(14.426,56.697);(122.55,16.217);(14.629,73.945);(138.827,17.651);(48.082,17.449);(15.854,88.616);(12.391,61.3);(121.499,13.301);(132.228,18.456);(43.191,20.577);(51.375,21.536);(151.794,16.835);(143.777,17.677)
(18.678,8.065);(13.249,3.062);(15.757,7.217);(70.299,9.584);(45.034,5.95);(4.412,20.85);(12.309,5.028);(5.161,22.826);(56.044,6.131);(4.089,22.152);(45.643,6.525);(11.367,3.814);(3.725,19.592);(4.997,19.651);(47.506,6.86);(49.386,5.96);(17.143,6.396);(12.329,5.453);(56.773,5.621);(43.853,4.549)
(43.733,16.13);(34.043,6.243);(37.663,15.228);(126.351,13.104);(114.958,13.734);(11.27,48.741);(33.127,15.171);(8.311,41.125);(109.268,15.802);(10.814,51.289);(101.098,13.549);(50.919,22.597);(8.951,41.592);(13.09,51.29);(128.258,16.358);(119.336,14.292);(34.269,15.646);(49.182,21.025);(112.709,12.35);(118.987,17.21)
(43.965,15.077);(64.425,13.898);(53.273,20.865);(146.117,16.461);(139.247,20.328);(16.116,64.651);(48.523,20.476);(14.687,70.893);(150.05,14.78);(17.224,79.31);(142.684,18.702);(53.306,18.145);(11.882,59.959);(13.502,57.833);(141.816,16.914);(160.283,22.005);(70.474,29.827);(61.982,21.993);(140.984,13.84);(164.07,16.887)
(2.108,0.745);(1.838,0.336);(1.717,0.572);(7.677,0.913);(8.996,1.255);(0.497,2.586);(1.661,0.658);(0.611,3.235);(8.588,0.866);(0.582,2.74);(8.856,1.149);(1.5,0.68);(0.389,1.647);(0.605,3.131);(6.18,0.742);(5.087,0.595);(1.742,0.811);(2.632,0.921);(7.93,1.009);(8.376,1.084)
(12.873,5.702);(14.502,2.655);(13.586,5.158);(42.598,4.486);(35.785,4.087);(3.821,19.17);(9.765,4.221);(3.555,18.171);(32.184,3.96);(2.663,11.785);(35.766,4.943);(8.494,3.751);(2.649,11.146);(2.085,8.397);(35.889,4.687);(42.14,5.475);(11.957,5.254);(8.495,3.766);(39.123,5.478);(36.173,5.016)
(12.293,4.683);(20.955,3.746);(16.595,5.346);(68.316,9.918);(46.944,5.447);(4.009,15.942);(16.303,6.425);(4.811,23.253);(43.662,4.515);(4.79,25.285);(71.853,10.399);(13.041,4.61);(5.296,24.96);(3.534,17.28);(55.3,5.534);(53.623,6.454);(19.477,8.868);(20.755,9.575);(43.634,4.809);(44.883,5.926)
(35.071,14.35);(42.65,7.698);(37.689,14.341);(129.798,14.637);(131.397,16.101);(9.853,51.499);(51.293,18.079);(11.141,48.403);(101.007,10.817);(8.846,33.594);(104.252,12.562);(33.744,15.878);(11.964,57.802);(13.16,55.114);(130.051,13.339);(113.807,14.583);(46.568,16.198);(33.499,15.217);(112.152,13.697);(121.794,17.398)
(19.586,8.149);(29.021,6.288);(27.602,10.255);(83.257,10.68);(98.262,10.303);(5.409,26.114);(21.211,8.311);(6.301,34.383);(79.193,9.451);(8.731,34.87);(78.972,8.88);(26.645,12.1);(6.818,28.457);(7.521,37.191);(68.881,9.309);(70.295,7.721);(26.717,12.035);(35.447,16.35);(67.933,8.843);(96.174,10.913)
(23.495,8.389);(29.477,6.15);(26.863,9.921);(93.076,9.332);(95.598,11.77);(7.364,41.232);(31.65,11.267);(7.627,36.537);(103.939,14.255);(9.425,49.928);(77.225,8.326);(30.982,13.717);(9.599,43.371);(10.204,46.877);(91.645,11.635);(104.788,14.537);(39.634,16.741);(24.515,8.743);(83.097,12.116);(99.114,9.904)
(8.792,2.864);(12.688,2.068);(13.716,5.909);(48.344,6.002);(29.603,3.744);(3.623,13.826);(14.336,5.43);(2.54,10.253);(48.689,5.659);(3.588,20.14);(45.948,6.749);(12.631,5.812);(3.435,14.574);(2.548,12.638);(50.289,7.306);(44.236,6.049);(8.269,3.787);(9.545,3.105);(35.284,4.743);(40.502,4.386)
(39.807,16.858);(30.221,6.012);(46.449,17.398);(88.422,12.175);(110.764,16.027);(7.367,27.837);(25.24,10.506);(6.589,36.717);(94.73,11.564);(11.376,46.673);(89.634,10.207);(35.374,13.472);(7.449,34.218);(8.281,38.82);(108.458,10.741);(104.636,10.87);(38.239,13.649);(33.166,13.966);(109.074,12.187);(113.787,12.806)
(17.749,7.58);(20.105,3.663);(26.599,12.041);(75.531,10.988);(64.324,6.988);(7.193,38.664);(20.926,8.134);(7.898,39.366);(85.257,8.44);(4.973,19.998);(83.784,8.53);(29.303,12.466);(4.681,19.54);(6.498,28.894);(72.94,7.742);(76.026,10.39);(22.297,7.313);(24.621,7.898);(87.583,10.323);(88.009,9.663)
(33.499,11.676);(33.847,7.61);(26.582,8.572);(102.512,12.307);(89.148,9.101);(6.758,33.913);(39.072,17.837);(9.328,43.152);(86.999,11.887);(11.248,58.172);(91.478,11.678);(31.081,11.587);(8.993,48.196);(6.688,30.371);(98.598,13.703);(96.708,13.785);(29.961,9.703);(30.107,11.534);(100.438,10.66);(112.79,13.825)
(66.283,30.98);(45.525,9.389);(55.267,22.698);(135.873,19.889);(146.237,21.315);(10.457,40.504);(45.499,20.817);(10.65,44.924);(127.014,16.051);(13.284,53.816);(153.035,19.089);(40.048,14.884);(9.572,37.713);(11.91,61.102);(134.804,13.723);(151.904,16.261);(50.201,22.303);(57.415,22.554);(145.882,18.56);(124.662,15.386)
(32.13,11.458);(36.258,6.575);(54.112,20.637);(120.766,17.523);(120.151,14.131);(7.933,38.294);(30.498,10.268);(8.033,40.502);(105.024,10.588);(7.684,35.446);(131.581,15.568);(41.887,16.208);(9.849,43.518);(12.951,53.006);(112.05,15.967);(119.552,13.294);(54.18,20.347);(51.671,17.663);(112.204,11.667);(128.357,14.508)
(18.741,8.813);(25.474,4.885);(19.512,7.145);(54.754,7.025);(72.67,9.004);(6.615,31.567);(21.005,9.831);(4.31,21.579);(80.214,9.28);(4.189,23.061);(73.077,7.403);(19.602,9.218);(5.772,25.245);(5.047,21.27);(53.359,7.801);(50.349,5.133);(21.117,9.408);(16.903,6.326);(66.961,8.663);(81.077,10.409)
(12.024,5.21);(8.111,1.398);(11.468,5.186);(27.143,3.088);(28.446,4.085);(2.224,9.386);(8.147,2.672);(2.477,13.758);(26.127,2.924);(2.166,11.641);(30.934,3.696);(9.51,3.508);(1.729,7.788);(3.042,13.057);(25.423,3.643);(36.872,3.663);(10.396,4.158);(7.431,3.316);(40.64,5.417);(27.406,3.397)
(40.647,17.499);(33.008,6.029);(34.38,12.743);(123.644,14.128);(133.993,14.885);(10.134,38.153);(32.405,12.941);(9.837,51.698);(105.222,11.309);(10.382,50.053);(122.933,17.427);(52.359,25.006);(10.711,47.782);(9.359,46.641);(116.099,14.956);(104.009,11.839);(33.648,11.981);(47.233,20.609);(130.662,18.034);(118.745,14.292)
(8.134,3.684);(6.573,1.144);(7.979,2.832);(21.949,2.287);(28.232,3.999);(1.731,8.246);(8.699,3.376);(1.457,6.86);(28.725,2.958);(1.829,7.123);(18.619,2.257);(8.892,3.077);(2.026,10.819);(2.077,8.117);(23.423,2.37);(18.533,1.831);(9.706,3.138);(6.802,3.044);(18.294,1.967);(31.175,3.51)
(8.057,2.947);(7.428,1.248);(4.972,1.942);(17.998,2.457);(28.302,3.277);(2.262,8.786);(8.243,2.835);(1.445,6.947);(29.428,4.103);(1.589,8.257);(25.737,3.155);(7.761,2.684);(2.047,8.224);(1.491,5.893);(30.304,3.809);(18.524,2.171);(4.919,2.251);(6.923,3.178);(27.593,3.676);(27.889,3.51)
(11.4,4.219);(14.5,3.224);(10.668,4.668);(53.243,5.642);(64.645,6.907);(2.713,13.8);(15.438,5.822);(4.794,21.31);(50.385,5.143);(3.325,15.068);(44.558,5.853);(19.043,8.08);(4.305,21.41);(2.774,14.315);(54.367,6.514);(50.73,5.536);(12.887,4.67);(17.45,6.354);(61.929,8.808);(44.91,4.527)
(50.067,17.501);(35.014,6.761);(63.523,28.343);(129.783,16.114);(120.849,12.541);(12.936,69.138);(52.054,21.573);(9.882,51.039);(119.198,15.124);(14.723,64.937);(137.146,14.411);(51.052,17.417);(14.088,54.444);(10.466,55.502);(129.507,14.057);(139.742,17.931);(36.981,11.924);(44.509,19.453);(121.618,17.417);(122.317,17.659)
(56.448,19.197);(56.005,10.166);(44.338,17.3);(136.776,18.508);(136.937,17.573);(9.658,49.497);(67.973,28.786);(11.373,44.521);(153.438,20.559);(10.751,40.708);(149.146,14.873);(39.261,18.187);(9.809,45.96);(15.87,64.071);(141.272,19.116);(146.307,14.522);(46.573,21.635);(61.41,22.584);(133.286,19.434);(159.041,21.253)
(20.308,7.123);(30.985,5.21);(35.217,12.435);(86.66,10.801);(73.217,8.817);(5.546,29.112);(36.185,17.027);(5.857,29.534);(97.34,14);(6.258,34.364);(76.167,10.323);(35.255,12.991);(8.248,36.119);(9.143,43.347);(72.296,7.254);(96.855,13.4);(26.09,11.514);(30.923,11.581);(99.111,11.963);(100.171,14.37)
(4.623,1.953);(2.959,0.615);(4.87,2.008);(17.274,2.275);(13.661,1.805);(0.79,4.032);(5.196,1.771);(0.855,4.716);(10.525,1.038);(1.362,5.506);(16.432,1.692);(4.185,1.858);(1.111,4.535);(1.11,5.266);(15.319,1.648);(13.347,1.643);(3.293,1.403);(5.29,2.518);(13.759,1.619);(11.413,1.201)
(68.213,32.704);(68.577,14.098);(64.981,26.323);(167.094,22.876);(180.047,24.238);(18.384,76.78);(66.727,30.024);(19.2,80.054);(171.676,20.689);(15.786,72.867);(167.857,24.087);(49.766,16.597);(14.446,58.025);(13.447,70.721);(186.456,21.769);(165.062,18.285);(61.2,24.308);(70.038,24.444);(175.646,19.843);(160.763,21.618)
(13.418,6.315);(7.89,1.609);(12.299,4.562);(37.747,4.863);(31.047,3.738);(3.057,13.809);(7.687,2.943);(2.614,11.934);(38.673,5.19);(2.132,10.15);(29.919,3.7);(13.698,5.208);(2.847,11.776);(1.934,9.943);(31.816,3.477);(36.859,5.122);(11.668,4.935);(8.644,2.785);(34.564,4.364);(41.41,4.075)
(6.313,2.687);(5.98,1.417);(3.597,1.395);(12.505,1.69);(15.92,1.797);(1.051,4.621);(4.474,2.104);(1.608,6.279);(21.095,2.211);(1.329,5.402);(19.77,2.446);(5.28,2.435);(1.559,8.319);(1.055,5.615);(12.252,1.364);(15.108,1.794);(4.002,1.73);(3.598,1.603);(12.588,1.702);(13.169,1.922)
(47.649,20.897);(58.61,10.181);(59.523,23.119);(168.261,22.72);(160.164,16.429);(11.788,64.132);(54.065,21.676);(20.739,97.681);(164.217,22.804);(19.789,99.227);(160.972,19.934);(68.154,21.888);(15.81,60.462);(17.584,82.505);(184.436,21.391);(168.488,17.09);(58.17,23.176);(68.056,25.926);(176.674,21.83);(155.386,19.265)
(59.929,20.063);(36.423,8.737);(37.664,15.434);(129.966,15.097);(139.116,16.841);(9.476,38.17);(62.615,29.058);(16.88,85.751);(155.015,18.491);(14.257,55.826);(131.325,14.598);(62.713,27.063);(14.535,66.009);(16.263,63.88);(137.529,17.959);(142.414,19.575);(61.871,28.578);(62.372,24.313);(133.286,17.497);(127.641,16.068)
(11.715,5.178);(14.188,3.3);(11.311,3.768);(32.029,4.344);(31.104,3.111);(2.99,13.893);(10.845,4.619);(3.109,11.954);(44.198,4.558);(2.416,10.455);(45.367,5.175);(9.5,4.059);(2.605,12.593);(3.928,19.367);(36.619,4.427);(43.09,5.402);(8.762,3.234);(11.91,3.903);(52.787,6.685);(49.125,5.894)
(36.628,14.467);(30.91,6.476);(51.827,21.927);(134.044,19.176);(112.707,13.81);(9.158,46.869);(46.21,20.996);(11.648,52.907);(118.321,15.42);(12.481,48.001);(111.833,11.047);(48.293,20.927);(14.177,67.322);(11.785,63.804);(111.369,14.704);(111.005,11.321);(34.572,11.433);(42.25,13.768);(125.071,12.332);(132.862,17.052)
(56.201,19.877);(50.65,8.93);(63.745,29.875);(157.79,20.834);(173.159,21.669);(14.344,77.201);(65.214,29.218);(13.344,53.937);(163.135,23.342);(13.374,51.57);(153.496,20.058);(75.156,26.781);(11.979,64.87);(13.81,60.842);(170.708,22.082);(169.181,18.649);(63.063,23.62);(52.781,18.032);(181.154,18.515);(163.276,17.506)
(8.074,3.511);(8.474,1.81);(9.684,4.494);(22.339,2.198);(28.421,2.785);(2.398,11.381);(5.949,2.676);(1.915,10.206);(23.038,2.769);(2.043,9.623);(31.63,4.527);(6.693,2.213);(2.44,12.475);(1.761,8.035);(29.684,3.86);(31.34,4.374);(7.074,3.176);(6.905,3.103);(29.317,3.505);(25.097,3.545)
(64.496,21.507);(70.281,13.923);(60.217,22.256);(162.381,20.688);(139.538,18.914);(13.021,65.994);(42.611,18.268);(12.955,57.411);(155.031,21.081);(14.051,61.629);(147.731,21.475);(67.028,24.981);(11.849,66.099);(11.544,52.065);(159.192,21.963);(155.647,22.733);(60.996,26.966);(41.6,15.634);(137.384,17.919);(136.065,13.545)
(22.003,9.931);(28.273,6.487);(30.153,10.169);(81.398,9.946);(80.358,11.067);(7.351,36.07);(36.316,15.213);(9.258,41.447);(89.049,10.71);(8.23,43.082);(88.604,10.513);(24.065,11.331);(6.241,26.241);(8.335,42.068);(78.375,9.179);(78.437,10.802);(25.364,8.495);(25.548,10.702);(81.431,9.47);(95.381,10.008)
(9.451,4.01);(12.945,2.162);(11.518,4.082);(32.065,4.513);(37.052,4.59);(2.325,9.476);(7.693,2.969);(2.947,14.86);(26.231,3.371);(2.09,10.7);(39.264,4.57);(8.612,3.513);(3.223,14.186);(3.335,15.734);(38.985,4.661);(35.917,3.795);(9.318,3.208);(9.52,3.71);(36.73,4.509);(42.699,5.993)
(51.168,23.984);(56.116,10.571);(52.975,21.857);(140.426,17.485);(128.62,16.553);(10.266,56.554);(42.457,18.943);(16.54,86.348);(147.589,14.614);(15.733,82.512);(146.795,17.376);(60.747,19.598);(11.018,56.69);(11.57,64.069);(137.134,16.484);(140.542,17.025);(51.82,18.806);(59.349,21.981);(138.1,20.083);(136.586,17.685)
(51.391,22.322);(75.152,16.255);(62.393,20.715);(175.08,23.748);(166.253,23.617);(12.647,59.555);(66.649,27.907);(18,70.726);(167.698,22.378);(13.082,51.909);(171.644,17.37);(57.655,26.387);(18.302,77.833);(13.78,62.482);(188.399,21.45);(195.399,24.869);(69.985,25.46);(72.651,29.531);(186.753,20.115);(185.856,21.557)
(66.81,26.941);(55.201,12.561);(54.75,20.228);(151.116,21.727);(179.818,20.589);(16.402,73.882);(51.958,21.003);(18.998,86.412);(155.551,19.673);(13.179,60.283);(168.218,16.797);(52.388,22.103);(17.263,70.889);(12.963,52.546);(175.714,21.93);(152.75,17.204);(56.911,26.002);(51.475,21.105);(151.23,20.281);(160.255,22.596)
