20
50
(96.891,9.735);(22.697,9.071);(22.517,3.668);(96.71,10.214);(86.96,9.704);(32.334,5.289);(24.705,10.334);(85.455,12.212);(27.469,12.123);(6.768,31.839);(41.323,13.392);(38.898,15.084);(9.893,37.568);(33.213,6.192);(27.102,4.573);(7.417,35.531);(6.489,33.283);(76.793,10.65);(6.096,28.38);(24.618,4.066)
(16.632,2.439);(5.813,2.245);(4.918,0.991);(15.307,2.244);(19.379,2.407);(6.491,1.318);(4.204,1.355);(18.091,1.918);(5.195,2.148);(1.561,6.885);(5.632,2.463);(4.934,1.877);(1.292,6.972);(4.616,0.893);(5.73,1.145);(1.103,5.792);(1.636,7.239);(13.145,1.379);(1.032,5.416);(4.842,0.865)
(28.223,3.58);(10.475,4.218);(6.56,1.116);(36.083,5.113);(27.297,3.271);(7.148,1.489);(7.208,2.623);(26.227,3.608);(10.222,3.766);(3.084,12.76);(11.975,5.223);(8.883,3.016);(2.505,13.039);(12.054,2.222);(7.873,1.771);(1.741,8.449);(2.657,12.798);(29.275,3.635);(2.786,11.635);(7.566,1.349)
(130.452,16.149);(66.8,27.737);(69.956,11.825);(133.845,18.292);(157.714,16.028);(58.569,9.74);(61.033,28.332);(140.676,17.321);(56.417,18.333);(14.271,58.604);(58.777,19.306);(41.706,18.371);(15.911,71.292);(38.657,6.517);(41.204,6.792);(16.393,91.437);(12.653,55.707);(151.596,16.58);(11.92,54.416);(49.115,8.441)
(149.394,20.713);(37.623,12.512);(55.824,10.099);(132.4,15.521);(141.265,18.177);(44.748,7.355);(35.063,13.138);(129.67,14.017);(35.01,11.862);(16.003,60.434);(35.783,12.895);(41.441,17.162);(16.149,76.551);(41.837,8.645);(49.656,8.239);(13.322,56.244);(15.688,72.472);(139.753,15.25);(11.12,47.007);(50.369,11.775)
(193.062,19.832);(62.768,27.704);(58.752,10.657);(193.606,26.464);(190.577,24.703);(66.724,11.332);(61.385,21.708);(179.14,21.712);(62.064,23.951);(21.873,92.093);(61.018,26.785);(68.067,26.852);(20.682,80.46);(72.392,14.541);(59.858,11.12);(13.267,53.556);(19.479,86.892);(190.154,21.822);(21.785,106.184);(61.194,11.862)
(65.197,7.696);(20.803,7.637);(30.75,5.708);(72.668,8.395);(81.95,10.797);(17.376,3.99);(27.713,12.661);(60.622,8.698);(18.448,7.387);(4.855,26.604);(23.566,8.836);(21.628,8.665);(6.091,30.716);(23.211,5.238);(29.858,6.74);(5.371,20.983);(6.528,30.771);(66.713,6.726);(5.206,22.754);(29.58,5.32)
(27.597,2.825);(8.518,4.048);(6.303,1.051);(29.22,3.203);(18.872,2.406);(7.288,1.415);(5.67,2.692);(17.21,2.385);(7.54,2.856);(1.917,7.645);(7.121,2.547);(6.652,2.913);(1.526,5.799);(8.567,1.646);(7.5,1.222);(1.382,7.39);(1.894,7.823);(18.204,2.024);(1.465,7.509);(7.576,1.802)
(118.305,14.011);(35.31,12.406);(45.154,7.879);(138.954,16.05);(141.91,17.657);(35.321,7.554);(33.673,14.011);(111.64,13.474);(55.811,22.23);(10.438,55.539);(39.878,16.022);(38.431,13.828);(11.341,48.454);(47.131,8.744);(50.673,10.077);(10.379,50.754);(12.855,50.584);(129.078,18.054);(13.726,62.032);(36.296,8.441)
(132.171,18.178);(38.645,16.766);(46.996,8.158);(140.244,17.371);(141.595,20.166);(68.573,13.199);(52.182,23.551);(140.574,15.184);(38.858,15.916);(11.592,50.246);(57.045,18.401);(52.743,21.113);(9.932,43.927);(67.93,12.76);(57.673,13.397);(10.538,43.723);(16.905,90.437);(140.97,14.059);(11.551,50.852);(69.009,13.05)
(34.867,4.233);(11.319,4.522);(12.77,2.057);(43.952,5.812);(63.968,7.806);(12.067,2.653);(10.41,4.511);(41.692,5.088);(16.286,5.848);(3.872,21.628);(17.117,6.933);(13.248,4.634);(2.901,13.441);(14.674,2.887);(13.826,2.734);(3.965,16.357);(4.237,17.903);(52.636,5.659);(2.711,13.816);(13.552,2.237)
(163.896,22.344);(51.984,22.61);(47.024,10.571);(165.238,17.118);(172.309,19.479);(70.339,15.656);(60.989,25.53);(183.773,21.426);(61.455,21.171);(13.172,55.81);(48.61,19.805);(68.434,22.526);(15.066,68.969);(57.882,10.233);(64.371,13.028);(16.127,84.383);(12.259,67.333);(186.185,23.891);(15.314,60.001);(58.277,12.219)
(121.078,12.505);(33.709,14.248);(52.9,11.381);(116.662,14.223);(130.517,13.861);(34.449,5.785);(32.893,14.218);(102.811,12.16);(45.522,21.008);(9.743,46.775);(39.111,13.264);(32.171,15.282);(13.18,61.054);(31.881,6.557);(48.962,9.848);(10.491,54.543);(11.718,49.534);(126.842,16.236);(13.013,53.556);(50.871,8.966)
(101.48,11.618);(28.479,9.871);(43.474,9.756);(118.982,12.911);(113.807,15.797);(35.897,6.228);(39.13,16.019);(108.102,12.816);(27.683,8.879);(11.596,63.079);(33.375,15.011);(39.234,12.868);(9.488,43.57);(27.839,4.955);(46.166,8.965);(7.017,39.491);(8.994,43.525);(101.309,11.172);(10.653,57.992);(42.77,8.942)
(141.726,17.489);(48.752,15.741);(35.145,7.747);(141.377,20.527);(146.911,15.049);(41.224,9.744);(55.484,20.165);(122.406,14.327);(61.079,27.623);(8.936,38.133);(35.209,11.344);(36.876,17.31);(10.71,47.433);(48.597,8.378);(35.442,8.475);(14.731,76.666);(13.395,59.108);(141.671,17.391);(15.369,73.319);(51.218,9.986)
(164.084,17.306);(44.39,18.792);(53.814,12.413);(171.667,21.396);(174.499,20.595);(67.227,15.793);(60.06,19.949);(155.132,16.356);(74.148,34.089);(18.164,74.461);(62.984,27.372);(73.411,32.465);(18.366,87.446);(45.184,8.337);(43.734,10.23);(11.232,45.102);(11.254,53.464);(160.761,21.998);(16.257,87.663);(43.523,9.206)
(90.314,9.251);(25.234,11.008);(22.901,5.05);(81.822,9.82);(89.53,12.566);(22.528,5.234);(30.276,11.906);(104.278,14.296);(27.238,9.761);(9.606,39.445);(29.641,13.23);(33.24,13.43);(5.647,25.195);(21.377,3.821);(22.114,3.787);(5.977,23.822);(8.928,40.971);(92.799,12.879);(7.738,41.624);(38.094,8.117)
(44.531,5.357);(8.818,3.626);(9.876,1.94);(38.773,4.451);(37.378,5.466);(14.286,2.588);(9.183,3.157);(30.995,3.292);(13.225,5.517);(3.239,14.011);(9.179,3.225);(15.775,6.813);(2.351,9.107);(9.886,1.913);(10.75,2.302);(3.868,19.457);(2.779,15.409);(51.538,5.539);(3.154,13.706);(12.252,2.264)
(78.614,9.942);(24.842,11.813);(27.832,5.595);(97.668,14.35);(102.297,13.214);(38.05,8.157);(30.979,11.365);(94.788,11.763);(39.434,18.405);(8.656,41.583);(35.9,16.557);(22.172,7.378);(8.685,35.006);(31.985,6.701);(33.79,6.513);(8.163,35.982);(8.612,47.527);(81.166,11.297);(9.038,38.956);(33.078,6.93)
(56.748,5.607);(16.671,6.443);(16.062,2.707);(61.184,6.895);(63.535,8.963);(13.098,2.622);(12.853,4.724);(55.722,6.88);(14.827,4.809);(4.084,16.636);(16.037,6.696);(12.998,5.347);(2.852,14.636);(11.965,2.576);(16.055,2.909);(4.647,23.871);(3.175,13.665);(65.031,6.778);(3.281,14.942);(14.035,2.791)
(125.246,13.313);(44.892,20.208);(29.719,5.736);(129.925,15.2);(120.766,12.418);(43.846,8.293);(32.297,12.348);(103.95,13.226);(29.647,9.528);(9.042,48.482);(36.293,15.708);(46.95,19.799);(13.67,64.712);(50.602,9.974);(33.191,7.292);(13.47,71.882);(9.648,36.629);(106.709,12.822);(9.481,42.962);(32.639,6.016)
(32.806,4.291);(14.809,5.421);(16.13,3.567);(58.462,6.735);(53.042,5.831);(16.035,3.144);(13.752,6.529);(37.635,5.402);(16.256,7.17);(3.952,16.312);(16.091,5.344);(16.729,6.246);(3.49,13.232);(13.042,3.121);(12.023,2.269);(2.697,10.996);(2.47,10.625);(52.243,7.543);(2.925,14.598);(14.288,3.046)
(118.094,14.673);(54.3,22.041);(52.338,11.472);(122.781,17.117);(120.764,13.767);(40.424,9.596);(51.733,20.078);(116.063,11.488);(32.799,12.373);(9.864,38.518);(39.496,13.554);(36.474,15.018);(11.412,46.163);(49.845,11.23);(30.757,5.715);(8.614,47.225);(12.96,60.922);(103.329,12.976);(12.627,67.141);(33.502,7.54)
(100.315,10.534);(36.066,15.804);(31.083,5.678);(114.094,15.252);(91.534,13.374);(34.119,5.522);(38.184,12.227);(91.278,9.882);(36.343,15.548);(7.311,27.774);(38.796,13.845);(29.283,11.148);(9.734,49.549);(40.718,9.369);(29.799,4.935);(9.621,52.158);(8.975,36.419);(99.387,10.51);(6.905,26.229);(32.088,6.693)
(31.257,3.368);(8.264,2.754);(7.667,1.799);(33.335,4.882);(36.084,3.536);(6.976,1.384);(10.496,4.278);(22.527,2.367);(6.628,2.788);(2.237,10.252);(9.671,3.836);(6.381,2.041);(1.546,6.307);(9.878,2.246);(8.075,1.741);(2.173,11.374);(1.555,6.929);(32.694,3.225);(2.58,12.923);(10.315,2.209)
(176.538,18.297);(74.586,30.61);(58.739,10.112);(181.277,19.188);(177.801,21.131);(74.973,17.816);(62.27,24.113);(152.509,15.731);(63.563,26.71);(15.86,75.157);(49.462,17.047);(67.321,24.872);(19.539,84.816);(67.53,13.011);(47.039,7.896);(12.629,63.705);(13.462,55.817);(150.215,16.773);(16.896,89.382);(66.279,15.006)
(64.067,7.798);(21.414,9.61);(15.1,3.105);(74.368,7.529);(77.162,9.583);(14.386,3.067);(21.142,9.872);(72.8,8.746);(17.598,5.783);(4.711,20.549);(22.425,7.536);(23.982,10.425);(6.178,24.044);(17.289,3.827);(24.113,5.586);(3.892,15.532);(4.547,19.013);(60.302,7.011);(3.614,13.724);(20.82,4.72)
(140.77,18.059);(45.174,17.117);(38.198,8.421);(116.898,13.668);(127.237,14.441);(49.327,8.786);(34.06,13.997);(140.716,14.504);(40.562,16.893);(13.818,70.444);(56.079,18.015);(34.977,14.139);(13.564,65.738);(50.114,10.749);(47.865,9.877);(8.603,43.479);(9.781,52.028);(134.473,16.297);(10.82,52.767);(31.854,5.746)
(71.933,7.066);(21.704,8.542);(25.083,5.116);(72.54,7.775);(67.455,8.28);(17.455,3.368);(18.975,6.93);(67.684,7.876);(20.022,7.321);(5.263,25.633);(27.53,9.127);(20.557,6.658);(7.676,30.606);(23.554,4.469);(23.441,5.096);(4.51,20.475);(4.612,22.56);(81.24,11.112);(4.681,19.506);(29.785,6.967)
(121.423,13.483);(44.912,20.971);(34.368,6.014);(126.928,18.65);(148.379,16.838);(57.157,10.159);(42.655,17.383);(145.394,20.021);(54.346,20.597);(16.149,68.963);(59.699,27.842);(50.026,20.543);(10.917,42.368);(55.794,9.531);(48.807,10.501);(15.377,66.189);(9.934,52.94);(143.218,16.617);(11.205,52.396);(54.646,10.71)
(139.145,14.649);(33.862,15.312);(38.903,6.392);(143.648,18.999);(135.426,17.728);(34.339,7.811);(44.059,17.279);(142.991,15.689);(51.466,23.317);(12.971,63.326);(35.467,14.251);(43.558,16.97);(9.026,42.785);(33.936,6.052);(37.862,7.688);(13.613,73.508);(10.625,49.702);(118.664,13.92);(13.626,58.025);(33.024,5.754)
(32.057,4.539);(12.024,5.702);(13.428,3.03);(28.77,3.044);(50.385,5.942);(11.356,2.625);(11.435,4.472);(27.985,3.158);(9.501,3.089);(2.862,13.858);(11.322,3.863);(8.454,4.015);(3.199,13.585);(11.99,2.534);(8.017,1.42);(2.834,10.92);(3.058,12.909);(46.598,5.031);(2.649,10.14);(10.106,1.85)
(107.992,11.891);(27.631,13.155);(45.317,10.734);(104.658,14.288);(101.511,13.426);(28.409,4.998);(38.046,12.722);(105.815,14.888);(40.837,13.155);(12.205,53.047);(40.222,14.969);(31.826,11.626);(9.42,44.082);(29.29,6.024);(27.847,5.178);(9.036,36.52);(12.861,51.813);(106.753,11.774);(10.609,52.309);(38.359,6.8)
(116.586,14.146);(31.035,10.543);(33.603,5.877);(115.003,16.001);(117.102,17.13);(34.704,6.151);(31.767,11.051);(113.662,16.134);(35.822,13.354);(12.231,59.718);(40.995,17.239);(34.135,11.843);(13.221,55.596);(37.005,6.245);(48.857,9.978);(9.839,40.965);(10.62,45.725);(115.772,12.587);(14.204,68.801);(54.559,9.825)
(78.626,10.245);(20.638,7.757);(21.898,5.255);(72.995,7.65);(78.206,8.942);(20.001,3.567);(28.012,9.313);(63.956,8.39);(26.36,10.241);(5.084,22.247);(30.693,12.491);(21.18,9.006);(7.403,32.569);(26.885,6.325);(27.359,6.38);(7.78,32.47);(7.274,36.398);(78.856,8.274);(7.953,34.389);(20.272,3.347)
(21.604,3.045);(6.027,2.432);(4.882,1.151);(17.981,1.974);(21.335,2.939);(7.414,1.221);(6.96,2.295);(17.882,2.287);(7.608,2.886);(1.258,6.245);(4.815,1.673);(6.123,1.986);(1.66,8.992);(5.741,0.919);(7.886,1.594);(1.945,8.106);(1.635,7.618);(28.263,4.036);(1.593,6.482);(4.944,1.09)
(112.123,11.981);(49.779,16.526);(39.53,6.456);(98.964,11.147);(119.494,15.125);(30.419,6.621);(30.454,9.873);(101.432,10.139);(41.67,15.127);(8.001,30.62);(45.247,16.167);(40.347,13.483);(12.144,46.768);(39.528,8.055);(32.714,6.916);(7.397,37.917);(7.723,41.513);(113.593,13.964);(7.089,29.486);(31.111,5.676)
(118.989,16.089);(36.069,11.936);(39.426,7.263);(130.746,13.154);(139.914,20.071);(42.158,8.625);(59.268,24.062);(122.467,15.764);(39.46,16.331);(14.253,68.536);(52.955,21.772);(43.68,14.814);(10.502,44.497);(49.85,10.706);(55.543,10.208);(8.689,43.473);(8.571,38.049);(119.84,14.958);(11.737,60.95);(56.077,11.548)
(183.644,18.31);(71.932,23.767);(59.669,9.797);(158.112,20.263);(163.525,17.827);(60.395,12.874);(46.527,19.64);(162.286,18.783);(60.06,25.038);(14.25,64.214);(71.829,22.987);(63.195,22.606);(15.508,63.181);(48.847,8.627);(78.396,15.602);(14.008,68.247);(18.884,97.754);(162.751,22.083);(17.202,91.655);(71.386,15.495)
(60.1,6.175);(17.065,6.688);(15.422,3.386);(38.623,4.755);(46.083,5.096);(17.592,3.883);(16.603,6.562);(35.017,4.182);(10.378,3.461);(2.751,11.867);(17.149,7.595);(15.925,6.303);(2.963,11.739);(10.334,2.119);(12.677,2.207);(3.712,15.855);(2.604,14.389);(44.767,5.307);(3.854,14.529);(10.844,2.35)
(26.025,3.457);(6.94,3.297);(10.622,2.153);(25.326,2.936);(31.574,4.349);(9.078,1.489);(7.137,2.583);(34.399,4.608);(10.436,4.548);(1.94,8.218);(8.104,3.412);(9.476,4.225);(1.978,11.044);(7.538,1.402);(9.965,1.902);(1.781,7.254);(2.98,14.664);(23.476,2.667);(2.182,8.756);(10.097,2.292)
(24.298,3.427);(4.034,1.501);(3.913,0.77);(22.74,3.314);(17.908,2.235);(4.606,0.775);(6.86,3.005);(18.549,1.84);(5.268,1.92);(1.82,9.564);(5.491,2.424);(4.732,1.662);(1.585,5.964);(6.987,1.586);(7.11,1.199);(1.134,5.623);(1.211,5.383);(22.847,2.965);(1.42,7.484);(7.055,1.211)
(15.241,2.02);(3.766,1.237);(2.987,0.582);(12.964,1.456);(9.455,0.939);(3.574,0.577);(3.428,1.435);(16.015,1.792);(4.461,1.648);(0.972,5.207);(3.046,1.053);(3.162,1.074);(0.691,3.412);(3.951,0.685);(4.698,0.822);(1.198,6.514);(1.177,5.901);(9.947,1.306);(1.107,5.773);(3.282,0.556)
(171.764,23.973);(65.202,29.908);(57.722,9.629);(173.017,17.194);(149.914,20.834);(51.857,9.357);(51.902,16.832);(174.798,18.552);(71.143,24.676);(15.199,85.078);(56.979,25.674);(56.136,22.127);(12.039,52.78);(68.625,14.91);(61.851,11.527);(13.158,54.584);(15.799,71.182);(170.144,24.962);(14.146,54.867);(49.7,10.624)
(154.86,18.07);(61.427,20.636);(66.029,14.787);(158.417,16.561);(173.227,25.181);(72.78,17.203);(63.199,26.342);(161.266,17.726);(63.854,26.553);(17.507,82.527);(50.157,16.45);(71.137,25.092);(18.687,87.98);(68.79,11.408);(67.458,15.333);(17.208,74.703);(17.779,78.432);(178.106,19.239);(19.584,102.291);(57.77,12.36)
(95.441,11.769);(39.747,18.663);(30.078,6.823);(99.807,14.049);(89.219,11.785);(33.081,7.539);(29.568,11.14);(86.35,11.959);(43.731,19.952);(8.734,34.686);(34.396,14.071);(31.923,15.13);(10.135,43.858);(35.435,7.519);(40.538,9.362);(7.814,37.655);(9.988,38.184);(91.461,9.805);(7.833,42.226);(25.058,5.76)
(87.208,10.929);(28.439,9.255);(16.852,3.544);(84.26,10.656);(78.184,8.733);(29.372,5.655);(20.089,7.34);(65.895,8.067);(21.811,8.179);(5.692,25.369);(17.956,7.326);(17.716,6.634);(5.242,25.892);(16.882,2.729);(18.258,3.388);(5.943,32.679);(6.4,31.186);(87.77,12.695);(5.328,29.679);(21.204,3.576)
(122.707,12.183);(35.565,15.163);(49.663,10.89);(127.609,13.202);(121.987,14.192);(33.298,6.257);(34.152,12.46);(107.806,14.362);(30.493,13.044);(10.593,49.455);(38.711,16.282);(51.356,16.649);(7.629,38.465);(29.379,6.05);(34.458,6.57);(10.177,48.679);(9.324,44.676);(108.338,14.872);(9.994,54.999);(44.426,7.644)
(126.316,13.03);(42.031,18.015);(53.308,9.046);(108.959,15.589);(127.739,17.952);(53.228,11.044);(52.075,18.964);(128.56,15.507);(33.136,12.516);(11.852,61.092);(30.926,12.908);(41.812,15.072);(7.946,36.817);(55.145,9.647);(49.315,11.007);(8.878,42.151);(9.833,39.193);(128.686,16.57);(13.422,57.755);(33.208,6.765)
(88.344,11.998);(22.257,9.135);(25.962,4.782);(85.208,9.215);(72.379,8.414);(31.667,7.457);(35.714,15.352);(87.444,12.529);(32.665,15.489);(7.912,34.665);(30.011,10.883);(34.299,13.567);(5.645,27.245);(29.913,6.242);(23.075,4.316);(8.2,42.434);(7.201,27.231);(87.299,8.669);(5.402,28.257);(33.791,6.08)
