5
150
(8.834,48.592);(9.923,53.234);(37.304,7.613);(34.582,7.307);(133.951,16.521)
(18.487,91.739);(17.712,98.608);(53.985,10.934);(63.077,14.518);(169.179,22.53)
(4.507,17.369);(4.038,15.786);(20.608,4.704);(13.3,2.793);(47.982,4.925)
(3.545,15.655);(5.452,22.295);(19.768,4.284);(14.16,3.369);(71.847,9.021)
(8.673,48.155);(13.137,57.419);(45.777,9.747);(33.059,6.841);(121.184,12.498)
(2.242,9.077);(2.407,13.431);(9.165,1.992);(14.407,2.778);(44.347,5.18)
(7.144,35.688);(4.635,24.614);(28.388,6.232);(25.69,5.923);(78.776,8.464)
(19.002,97.188);(14.38,78.853);(69.468,15.543);(57.581,9.621);(188.681,21.925)
(3.508,18.917);(2.552,10.481);(12.786,2.057);(11.587,2.404);(31.872,4.43)
(3.937,22.108);(3.05,12.883);(13.575,2.689);(11.002,2.556);(34.747,3.572)
(1.003,5.137);(0.871,3.982);(3.321,0.606);(5.204,0.905);(17.885,1.996)
(10.949,56.448);(9.233,39.83);(32.173,6.468);(47.691,10.542);(121.999,13.936)
(5.669,30.4);(5.667,27.293);(26.027,5.996);(18.823,3.749);(61.927,6.096)
(10.77,52.608);(15.069,83.598);(42.514,8.085);(63.498,13.114);(131.166,15.289)
(5.071,21.43);(3.787,20.455);(14.599,2.363);(17.338,3.011);(49.476,5.219)
(7.269,32.653);(7.663,33.415);(43.175,8.675);(39.944,8.43);(95.44,10.056)
(3.77,16.127);(3.793,15.328);(9.832,1.869);(10.848,2.159);(44.443,6.186)
(10.48,57.689);(12.013,45.867);(52.365,11.352);(51.563,9.089);(157.208,19.186)
(2.923,11.956);(4.059,20.16);(14.293,2.979);(16.829,3.186);(59.653,7.895)
(14.35,55.257);(10.778,51.041);(69.91,13.542);(67.138,13.83);(154.385,16.871)
(5.324,20.227);(8.867,47.515);(23.018,5.445);(30.503,5.41);(73.582,8.922)
(6.263,26.994);(6.918,38.685);(26.589,4.473);(25.624,5.304);(66.988,8.423)
(2.006,9.164);(1.799,7.887);(6.806,1.36);(10.245,1.954);(32.931,4.499)
(15.856,64.977);(18.343,81.408);(67.61,14.093);(56.75,10.053);(168.932,23.494)
(8.266,43.078);(7.438,34.494);(45.757,8.673);(28.648,4.925);(104.573,11.574)
(5.141,19.888);(6.974,31.265);(20.788,3.898);(18.683,3.309);(83.397,10.606)
(1.593,8.102);(1.166,5.657);(4.992,0.821);(6.382,1.42);(15.337,1.567)
(12.705,57.101);(14.733,81.806);(42.704,8.619);(72.591,11.959);(157.145,17.206)
(1.182,6.089);(1.286,6.874);(4.212,0.872);(6.221,1.276);(15.79,2.098)
(9.448,47.569);(7.403,29.011);(27.431,5.958);(32.639,5.285);(115.801,15.413)
(17.542,89.914);(13.995,52.974);(67.161,12.837);(60.446,13.994);(176.06,22.74)
(0.698,3.167);(0.567,2.138);(3.564,0.605);(2.864,0.641);(12.502,1.235)
(11.115,55.286);(13.516,60.282);(33.305,7.351);(42.03,9.042);(120.059,15.091)
(4.89,19.422);(3.74,17.46);(15.408,2.955);(14.101,2.27);(62.086,7.47)
(7.078,35.522);(7.043,30.644);(41.809,8.684);(44.547,8.221);(117.346,15.374)
(17.522,69.218);(13.277,50.491);(42.754,8.09);(48.552,9.337);(146.951,19.389)
(3.381,14.963);(5.691,22.599);(23.568,3.972);(23.308,3.92);(50.437,5.71)
(5.712,25.776);(6.06,26.657);(31.67,5.997);(33.261,5.835);(92.408,11.985)
(9.866,40.321);(7.966,37.806);(29.657,6.03);(37.426,8.678);(114.591,15.11)
(1.383,7.604);(1.062,4.016);(4.321,0.866);(4.633,1.082);(14.583,1.592)
(0.819,4.046);(0.476,2.063);(2.834,0.658);(1.97,0.342);(9.191,1.246)
(9.756,50.599);(7.825,38.858);(24.195,3.992);(36.061,7.091);(89.032,11.944)
(15.75,62.126);(17.288,72.303);(54.171,10.449);(56.815,12.734);(162.641,23.029)
(16.36,62.382);(13.053,69.165);(51.473,10.072);(43.539,7.543);(152.528,20.393)
(9.7,49.838);(11.54,53.562);(27.544,5.955);(25.676,4.223);(96.041,11.338)
(14.863,59.128);(17.486,77.584);(71.384,15.547);(70.07,14.162);(162.191,21.377)
(16.361,75.093);(11.138,60.977);(37.1,7.878);(55.65,10.355);(122.949,17.091)
(2.838,12.51);(2.964,14.795);(13.482,2.316);(16.919,3.292);(35.746,3.89)
(2.796,10.819);(2.896,15.936);(8.34,1.853);(11.722,2.554);(39.038,4.003)
(12.172,56.529);(12.869,52.678);(42.27,6.89);(56.872,9.556);(129.765,15.861)
(10.619,53.891);(10.764,59.081);(42.525,9.53);(44.202,9.165);(87.355,9.736)
(15.534,83.183);(11.752,53.319);(54.752,13.009);(62.959,10.589);(148.157,21.381)
(15.579,67.225);(15.528,64.701);(44.288,9.069);(64.599,13.32);(150.226,20.899)
(12.077,56.727);(11.813,52.006);(35.588,6.031);(32.632,7.582);(112.645,12.972)
(2.178,11.445);(1.836,7.387);(8.205,1.324);(11.45,2.658);(34.523,3.916)
(10.159,44.452);(11.121,53.549);(31.481,6.813);(38.838,6.626);(104.662,15.043)
(3.701,16.587);(3.578,15.905);(15.384,3.606);(21.755,3.668);(65.159,7.495)
(1.961,9.072);(2.086,10.128);(8.473,1.468);(7.517,1.503);(21.733,3.084)
(9.669,49.742);(10.776,45.354);(50.192,8.267);(53.631,10.316);(131.3,15.921)
(5.996,27.787);(4.218,21.116);(23.891,5.382);(16.257,3.718);(83.705,11.43)
(1.746,9.085);(1.669,9.272);(5.426,1.078);(6.342,1.164);(15.322,1.544)
(6.824,27.563);(7.985,43.986);(31.57,6.306);(26.003,6.006);(103.175,13.178)
(3.413,15.461);(3.508,15.048);(11.95,2.733);(16.678,3.963);(69.335,8.881)
(13.072,53.973);(18.807,98.203);(47.324,9.25);(76.214,13.15);(159.469,18.522)
(0.447,2.046);(0.348,1.439);(1.269,0.277);(1.265,0.229);(4.578,0.67)
(0.533,2.43);(0.399,2.09);(1.779,0.417);(2.144,0.448);(6.713,0.831)
(14.15,60.397);(17.872,97.435);(47.471,8.325);(75.294,17.759);(166.416,19.246)
(17.874,95.583);(20.921,96.51);(64.143,13.568);(61.037,11.8);(170.413,19.462)
(18.929,87.448);(12.416,54.694);(73.009,15.321);(72.005,14.612);(165.606,19.767)
(10.026,44.047);(14.328,75.923);(53.724,11.139);(46.727,9.801);(129.738,17.062)
(5.296,21.78);(6.099,30.891);(25.895,5.375);(33.882,7.297);(68.732,7.177)
(5.907,32.201);(4.101,19.838);(23.278,3.946);(18.114,3.964);(80.485,10.933)
(11.083,59.564);(13.649,52.002);(63.218,13.271);(52.155,12.282);(152.216,22.254)
(5.101,27.526);(6.22,27.337);(18.366,4.255);(25.707,5.971);(81.002,10.506)
(19.935,106.239);(18.163,92.354);(56.927,11.844);(56.317,10.428);(151.714,20.545)
(3.129,12.805);(2.77,14.431);(10.857,2.421);(8.25,1.677);(28.936,3.171)
(13.164,52.765);(12.781,61.608);(72.503,17.039);(44.704,10.416);(179.585,19.395)
(11.454,54.572);(10.291,50.375);(55.764,9.023);(36.37,7.128);(121.814,13.175)
(8.436,46.915);(9.793,44.581);(32.665,6.29);(26.057,4.595);(94.506,10.462)
(6.149,30.064);(7.404,29.813);(39.496,6.645);(29.217,6.065);(78.359,9.028)
(10.495,42.543);(11.844,63.009);(61.575,10.835);(41.665,7.018);(154.953,19.704)
(12.567,61.034);(16.282,85.525);(48.493,11.576);(58.384,12.734);(173.041,20.78)
(8.156,35.485);(7.892,39.339);(28.962,6.276);(25.17,5.583);(70.861,9.837)
(0.377,1.687);(0.377,1.887);(1.2,0.285);(1.332,0.294);(5.724,0.677)
(13.357,56.817);(15.742,60.184);(55.11,9.353);(73.07,12.387);(182.399,19.08)
(14.583,58.168);(11.519,47.43);(69.454,12.528);(71.136,11.383);(173.944,19.652)
(6.292,33.239);(5.568,21.001);(35.666,5.741);(24.223,4.103);(100.77,11.476)
(1.97,9.206);(1.663,8.092);(7.241,1.536);(5.703,1.211);(28.498,3.238)
(10.141,39.373);(11.337,47.707);(37.751,6.321);(31.494,6.739);(112.312,15.508)
(1.535,8.15);(1.477,6.099);(5.824,1.371);(8,1.637);(29.525,3.255)
(18.51,80.136);(12.682,48.711);(63.816,12.309);(70.977,13.691);(179.233,21.211)
(10.904,54.87);(9.551,36.214);(28.766,4.751);(27.301,4.402);(97.873,11.634)
(15.796,66.646);(19.342,95.553);(53.854,10.674);(63.752,12.987);(158.237,16.709)
(7.811,34.296);(7.488,41.19);(21.551,3.723);(25.773,6.094);(73.938,9.836)
(6.195,27.112);(5.695,27.947);(33.461,7.683);(29.97,6.881);(103.711,11.028)
(1.952,7.893);(2.006,9.607);(6.287,1.104);(5.797,1.284);(16.874,1.733)
(8.008,36.645);(8.705,34.207);(50.243,8.848);(43.535,8.805);(97.635,12.448)
(3.444,16.895);(4.523,23.336);(12.469,2.171);(11.795,1.98);(67.467,9.585)
(12.855,69.822);(10.621,44.891);(53.59,9.93);(37.76,6.051);(125.543,18.108)
(3.304,15.102);(2.637,11.836);(14.608,2.88);(10.141,2.321);(55.435,8.011)
(5.746,29.881);(7.153,31.859);(32.26,7.048);(27.83,5.221);(76.983,9.25)
(9.745,42.508);(14.754,56.957);(49.775,9.161);(56.914,9.391);(134.725,13.619)
(5.173,24.827);(3.879,15.809);(13.251,3.017);(14.078,2.611);(64.552,6.579)
(14.144,71.172);(15.412,59.44);(34.517,7.828);(42.05,7.883);(114.566,13.74)
(1.44,6.603);(1.41,7.133);(4.085,0.899);(3.754,0.667);(13.377,1.745)
(0.683,3.752);(0.737,3.305);(2.8,0.471);(2.635,0.435);(7.046,0.703)
(7.017,30.435);(10.386,48.185);(30.298,6.185);(44.201,9.704);(100.371,14.158)
(5.425,21.044);(5.399,26.348);(19.524,4.202);(30.172,5.684);(76.603,9.69)
(15.145,67.741);(14.168,73.099);(37.452,8.17);(47.569,9.666);(130.835,17.459)
(2.545,11.107);(1.766,9.535);(8.974,1.496);(10.256,1.819);(25.645,3.664)
(4.131,19.357);(5.76,24.044);(22.428,3.69);(26.099,5.032);(59.969,7.862)
(15.434,65.87);(15.41,60.627);(60.429,14.149);(67.186,13.144);(173.647,25.101)
(1.77,7.251);(2.372,10.138);(11.161,2.197);(9.863,1.726);(31.748,3.159)
(11.787,56.264);(14.139,56.361);(48.275,10.814);(66.555,15.771);(152.79,20.536)
(14.293,78.195);(14.765,76.747);(52.276,8.839);(54.247,12.838);(122.589,16.173)
(8.075,44.46);(5.308,24.548);(26.497,4.987);(27.774,4.655);(93.765,9.822)
(8.174,44.121);(7.896,30.731);(45.855,10.087);(30.141,7.16);(125.607,15.757)
(10.951,41.243);(6.893,38.393);(27.852,4.485);(25.889,6.191);(106.35,15.013)
(18.74,97.525);(19.698,96.985);(72.239,16.026);(54.639,9.535);(172.613,17.403)
(13.966,77.068);(12.456,47.053);(34.82,7.486);(49.349,9.097);(116.713,17.075)
(12.805,60.681);(14.309,55.684);(68.698,12.057);(50.467,10.73);(159.74,22.968)
(5.394,29.725);(3.397,13.964);(13.152,2.899);(21.721,3.966);(68.995,7.196)
(1.022,4.211);(1.037,4.455);(4.313,0.718);(6.762,1.366);(20.736,2.189)
(16.012,74.196);(13.901,68.284);(48.84,9.058);(47.661,9.87);(145.975,18.225)
(9.124,46.037);(9.984,52.08);(32.527,7.777);(42.672,10.058);(125.071,15.265)
(3.69,19.149);(4.066,17.507);(22.455,4.556);(17.281,3.092);(73.403,8.053)
(3.531,14.145);(3.969,20.102);(15.904,3.35);(11.126,2.069);(40.505,4.603)
(9.422,40.645);(8.708,35.756);(29.387,4.733);(23.303,4.182);(88.927,10.504)
(0.89,4.629);(0.885,3.351);(5.034,1.073);(4.5,0.864);(12.208,1.617)
(0.594,2.869);(0.563,2.392);(1.574,0.257);(2.173,0.418);(5.629,0.784)
(18.686,87.54);(13.98,66.058);(45.787,7.479);(71.358,16.887);(163.089,19.27)
(14.52,71.691);(11.878,50.019);(67.628,16.115);(51.874,10.346);(157.476,18.164)
(7.841,37.114);(8.795,42.557);(44.946,8.883);(39.278,7.893);(132.084,16.359)
(5.818,25.583);(3.316,18.681);(19.618,3.38);(20.033,4.469);(50.557,5.389)
(3.461,15.388);(2.125,11.561);(7.971,1.605);(10.094,2.263);(32.901,3.337)
(8.233,32.43);(8.447,39.374);(25.997,4.91);(39.013,8.288);(94.819,13.455)
(6.331,25.059);(7.91,31.255);(29.447,5.896);(36.38,6.028);(88.498,11.538)
(1.182,6.084);(1.121,5.45);(4.606,0.916);(3.373,0.809);(16.228,1.996)
(14.161,65.05);(13.121,53.947);(54.592,8.924);(53.823,12.25);(114.822,12.296)
(14.207,70.63);(14.995,77.372);(52.943,8.489);(45.051,8.314);(129.796,15.765)
(7.598,34.49);(10.018,41.889);(25.074,5.237);(34.197,7.896);(76.49,7.943)
(4.916,24.21);(6.762,26.382);(26.399,5.383);(30.228,5.634);(64.789,7.178)
(8.978,34.924);(9.711,52.708);(25.981,5.33);(29.63,5.143);(99.49,13.999)
(4.725,18.723);(4.909,20.399);(14.596,2.941);(11.581,2.298);(42.122,5.112)
(4.04,15.48);(4.217,18.035);(21.859,3.519);(13.996,2.987);(57.62,7.403)
(9.596,45.776);(9.311,36.555);(29.452,5.868);(45.094,9.746);(103.183,12.486)
(11.808,46.816);(9.738,53.303);(39.788,7.65);(36.416,7.219);(136.344,14.078)
(3.024,14.597);(3.131,14.547);(10.168,2.244);(15.634,3.527);(52.12,6.879)
(4.209,18.924);(6.206,32.186);(25.875,4.891);(27.291,4.55);(80.04,11.3)
(13.043,56.327);(14.76,82.294);(54.872,11.23);(67.027,15.326);(165.367,22.304)
