5
200
(51.19,8.731);(13.654,72.68);(44.462,17.164);(48.295,10.021);(46.256,16.103)
(2.419,0.432);(0.386,1.605);(1.638,0.652);(1.765,0.41);(1.969,0.869)
(3.311,0.623);(0.869,4.661);(2.944,1.147);(2.589,0.425);(2.805,0.992)
(35.43,7.542);(9.891,44.487);(39.299,13.583);(31.575,5.514);(24.571,7.993)
(34.159,7.782);(6.639,30.195);(25.75,11.375);(40.792,8.03);(36.318,11.8)
(45.577,8.676);(19.909,92.669);(51.975,21.061);(71.884,12.034);(52.44,21.993)
(6.213,1.043);(1.722,6.687);(7.481,3.119);(5.278,1.031);(6.109,2.194)
(21.727,3.492);(5.866,22.934);(22.163,9.602);(26.854,6.124);(26.787,12.407)
(22.821,3.764);(5.479,21.039);(28.549,10.397);(27.953,5.818);(35.059,14.383)
(64.17,13.572);(16.627,69.052);(44.962,14.978);(70.142,11.539);(60.566,28.179)
(64.202,13.778);(17.153,83.432);(63.803,20.424);(49.245,8.599);(52.451,24.993)
(32.698,5.778);(10.74,43.505);(29.924,11.146);(34.751,7.38);(31.05,14.437)
(3.647,0.833);(1.017,4.575);(3.139,1.236);(4.718,0.945);(3.485,1.528)
(14.292,3.245);(3.285,17.076);(18.24,8.704);(14.72,2.813);(12.146,4.345)
(33.601,6.978);(6.914,30.585);(20.918,9.827);(29.957,7.08);(31.506,10.78)
(59.538,13.084);(15.007,83.261);(67.251,22.279);(60.409,13.153);(45.715,15.974)
(45.716,7.372);(7.945,30.02);(32.835,11.075);(38.408,8.635);(31.636,10.216)
(23.179,4.141);(5.953,29.687);(30.773,13.929);(30.985,6.746);(35.195,15.227)
(35.622,6.292);(9.034,44.593);(27.845,11.414);(38.079,6.677);(36.953,12.081)
(51.313,8.66);(14.934,58.156);(50.72,19.675);(67.667,14.12);(68.534,22.689)
(16.726,3.661);(6.382,27.205);(17.532,5.796);(23.594,5.074);(24.712,8.285)
(61.2,14.669);(13.595,57.09);(59.4,28.126);(72.144,16.767);(46.905,16.757)
(32.829,5.553);(10.298,43.736);(46.913,18.62);(48.65,9.006);(55.177,19.704)
(35.439,8.389);(10.25,38.866);(33.019,10.63);(44.026,8.418);(44.591,19.473)
(53.299,10.06);(16.484,71.393);(67.296,29.639);(57.376,11.232);(58.688,20.062)
(52.432,9.278);(8.412,40.639);(41.967,17.156);(35.074,6.483);(41.862,17.885)
(63.117,14.736);(10.026,42.819);(37.188,14.457);(46.052,9.433);(54.631,20.246)
(19.644,3.215);(7.976,30.062);(33.068,14.384);(34.993,7.828);(31.579,12.146)
(58.093,9.959);(12.979,60.913);(55.159,24.022);(53.898,12.721);(60.722,24.285)
(5.26,1.238);(2.049,9.884);(5.332,2.143);(6.525,1.154);(9.379,3.029)
(37.118,8.146);(10.512,48.503);(53.468,23.607);(33.502,7.485);(37.733,17.299)
(43.553,10.363);(13.873,76.384);(50.446,21.201);(32.628,7.518);(29.568,10.543)
(50.867,9.877);(12.661,65.35);(60.657,28.225);(64.143,12.614);(78.594,26.022)
(28.144,5.638);(6.4,28.885);(32.75,14.173);(37.612,6.52);(31.872,14.418)
(49.229,8.733);(9.549,44.789);(49.027,16.428);(33.389,7.398);(45.693,21.488)
(20.785,4.824);(6.844,37.97);(27.214,11.857);(22.723,4.393);(24.279,9.462)
(47.502,10.482);(14.821,65.117);(67.75,30.902);(66.274,12.723);(65.688,30.295)
(20.258,4.485);(5.574,22.316);(24.585,10.775);(14.759,3.247);(26.381,11.617)
(17.919,3.472);(4.28,23.642);(12.767,5.547);(19.158,4.527);(14.156,5.262)
(24.692,4.615);(9.638,48.184);(33.021,13.644);(32.756,7.723);(28.296,13.33)
(23.402,4.756);(4.459,19.985);(15.746,6.941);(18.033,3.916);(15.78,5.985)
(16.657,3.563);(5.584,22.212);(17.682,8.271);(14.125,2.438);(14.374,6.758)
(48.205,11.027);(12.787,50.676);(33.851,13.608);(34.818,6.025);(31.98,14.782)
(33.998,7.846);(9.134,47.767);(41.208,15.413);(35.881,8.586);(31.82,12.995)
(27.254,4.628);(8.073,41.285);(29.407,13.638);(31.271,5.477);(27.976,11.005)
(24.852,4.707);(3.833,14.572);(15.899,5.709);(16.01,2.609);(20.062,7.944)
(59.648,11.534);(11.964,53.047);(75.271,29.71);(56.801,9.414);(75.685,34.853)
(28.121,6.08);(4.633,26.016);(23.392,9.549);(16.515,3.229);(17.924,7.058)
(47.336,9.13);(10.176,51.127);(44.94,16.591);(40.825,7.037);(59.008,21.762)
(14.252,2.295);(3.952,18.755);(10.079,3.977);(12.392,2.089);(9.586,4.17)
(21.681,4.895);(3.635,18.768);(19.91,7.59);(13.207,2.895);(18.978,7.163)
(67.78,13.863);(12.908,58.342);(62.879,22.017);(58.064,9.507);(65.88,22.032)
(20.742,4.591);(4.296,17.891);(17.933,6.53);(15.297,2.572);(21.321,9.185)
(44.842,9.486);(12.342,47.27);(55.681,22.863);(76.516,14.232);(49.722,22.417)
(51.001,12.07);(10.914,42.682);(58.596,19.929);(47.549,9.218);(42.275,14.213)
(64.367,12.352);(12.635,55.957);(66.195,29.879);(69.344,12.698);(39.935,18.776)
(56.003,11.962);(14.028,61.292);(49.513,22.132);(56.261,11.079);(69.241,29.327)
(48.301,7.803);(16.514,62.219);(75.194,27.235);(66.625,13.81);(71.12,28.149)
(12.481,2.305);(2.7,15.04);(9.854,3.312);(12.395,2.934);(10.589,4.85)
(26.28,4.222);(7.908,34.972);(38.9,13.889);(40.699,9.515);(28.607,11.457)
(47.339,10.655);(13.062,58.248);(54.228,18.631);(42.337,6.907);(33.399,15.432)
(28.068,5.188);(4.996,22.234);(15.873,5.227);(24.656,4.802);(28.326,13.215)
(19.168,3.233);(3.448,19.368);(16.46,5.965);(10.714,2.329);(12.449,4.797)
(23.396,4.701);(8.574,39.384);(32.022,10.756);(33.358,5.675);(29.052,10.61)
(65.577,11.809);(18.297,100.878);(67.297,29.927);(53.861,12.241);(47.24,20.989)
(60.76,9.842);(17.523,88.474);(58.886,27.882);(37.167,6.95);(49.554,17.93)
(51.984,8.834);(13.232,65.81);(46.809,21.213);(43.788,10.401);(56.837,22.21)
(62.295,13.962);(10.417,47.74);(45.364,17.041);(47.786,8.611);(59.72,19.419)
(19.517,4.017);(4.11,19.72);(17.729,8.472);(13.796,2.332);(18.364,8.665)
(42.789,7.86);(10.313,57.987);(49.089,22.059);(36.252,7.62);(38.785,13.988)
(26.07,5.123);(4.654,26.237);(23.335,9.295);(29.161,6.722);(25.613,10.871)
(58.96,10.716);(16.797,67.479);(45.249,14.88);(67.378,12.139);(44.401,18.029)
(21.978,3.861);(4.053,18.181);(18.004,8.502);(26.58,4.428);(25.53,8.344)
(67.094,11.425);(10.748,60.345);(56.778,26.26);(46.781,8.075);(41.117,13.98)
(39.525,7.164);(11.179,44.236);(39.709,15.452);(47.686,7.921);(53.954,17.741)
(19.202,3.854);(5.387,22.058);(16.94,6.04);(12.415,2.26);(16.707,6.963)
(46.558,9.892);(17.445,83.452);(75.16,30.516);(59.969,11.245);(49.102,15.976)
(46.482,8.871);(11.247,57.042);(64.575,27.22);(59.214,11.552);(53.356,17.611)
(25.99,4.932);(10.867,59.987);(44.058,15.87);(45.75,10.941);(36.051,12.859)
(75.627,14.828);(13.382,55.87);(74.569,28.799);(77.669,13.842);(67.313,28.268)
(60.048,11.186);(10.734,53.074);(36.418,12.785);(36.373,8.673);(44.949,16.075)
(64.363,12.372);(10.502,49.849);(66.39,27.336);(60.071,9.7);(72.56,25.325)
(14.787,3.48);(2.459,11.341);(13.379,4.637);(8.327,1.739);(8.609,2.829)
(5.503,1.098);(1.521,7.023);(5.752,2.296);(6.862,1.437);(7.063,3.317)
(31.633,7.422);(7.6,41.154);(31.906,11.097);(26.849,4.626);(24.684,10.671)
(2.35,0.421);(0.521,1.974);(2.152,0.816);(1.669,0.315);(1.762,0.766)
(4.914,0.983);(1.071,5.002);(3.863,1.47);(2.884,0.614);(3.849,1.237)
(68.411,12.269);(12.457,57.042);(66.717,29.555);(70.809,14.12);(67.466,29.206)
(15.019,2.933);(5.677,30.417);(20.357,9.379);(18.702,3.889);(16.4,6.333)
(6.795,1.209);(1.585,6.916);(8.605,3.762);(7.146,1.388);(7.102,2.894)
(32.698,6.341);(8.426,36.727);(33.56,13.509);(48.697,9.762);(32.322,12.851)
(58.504,9.738);(12.171,52.593);(56.315,21.735);(54.452,10.836);(59.889,25.787)
(50.88,9.192);(13.312,58.966);(75.085,24.65);(74.652,12.457);(72.587,29.673)
(35.289,6.112);(12.883,53.196);(31.324,12.669);(33.246,6.229);(38.078,12.471)
(61.041,12.891);(10.256,50.445);(36.991,12.892);(58.56,12.84);(48.021,18.803)
(35.961,6.08);(11.421,49.733);(41.461,15.037);(34.159,7.395);(30.288,11.419)
(19.125,4.29);(4.69,24.502);(23.268,8.773);(21.567,4.839);(16.029,5.732)
(35.917,6.146);(8.498,44.525);(44.594,15.036);(46.276,8.15);(32.598,12.56)
(50.139,9.691);(8.371,44.66);(42.147,19.771);(41.068,7.551);(47.743,17.675)
(29.447,5.526);(8.236,33.884);(29.553,10.978);(24.41,4.709);(19.33,7.092)
(56.192,12.069);(14.485,55.486);(65.813,22.123);(52.076,11.849);(62.541,21.579)
(29.554,5.258);(10.068,53.472);(41.458,14.464);(45.783,9.083);(27.001,11.563)
(25.553,5.758);(8.274,42.823);(24.123,9.385);(26.934,4.475);(30.192,12.982)
(43.315,8.879);(9.797,52.127);(36.892,16.124);(32.577,7.319);(31.278,13.486)
(11.879,2.217);(3.622,18.698);(12.804,5.273);(12.595,2.676);(13.946,6.588)
(20.299,3.838);(4.821,21.11);(17.616,7.855);(16.955,4.034);(22.618,9.069)
(21.371,5.048);(5.417,27.523);(24.117,9.436);(20.797,4.352);(13.413,5.16)
(51.705,11.218);(14.256,66.911);(69.925,24.382);(63.096,10.301);(54.591,21.192)
(11.839,2.316);(2.234,10.827);(10.6,4.04);(9.055,1.984);(11.954,4.854)
(50.809,11.226);(15.537,66.506);(56.037,24.863);(64.484,14.552);(61.158,23.395)
(16.286,2.768);(4.474,20.889);(23.614,10.368);(22.372,4.78);(23.302,7.621)
(18.465,3.373);(4.505,19.11);(15.139,6.049);(17.908,3.083);(21.486,9.657)
(36.241,8.625);(8.132,35.036);(28.02,10.003);(25.887,4.69);(23.292,9.544)
(16.444,3.033);(3.184,16.151);(17.625,6.925);(15.773,3.382);(14.178,6.734)
(58.998,10.509);(14.102,54.467);(45.663,15.814);(32.483,7.457);(51.321,19.498)
(37.452,7.472);(10.915,45.863);(27.417,10.034);(29.601,5.36);(25.771,10.443)
(17.305,4.036);(4.787,24.213);(20.781,8.652);(24.09,5.757);(19.792,7.834)
(23.698,5.014);(7.277,31.932);(30.611,13.014);(20.37,4.005);(27.318,10.076)
(29.668,5.252);(9.172,37.592);(31.615,13.576);(30.882,6.811);(35.567,15.036)
(31.874,7.528);(7.664,30.424);(25.104,12.045);(33.812,6.309);(22.047,8.94)
(42.474,8.278);(12.008,61.09);(36.929,16.476);(34.489,7.807);(47.647,20.434)
(37.032,8.546);(5.712,31.633);(29.461,10.49);(23.099,3.871);(28.3,13.223)
(47.478,7.853);(14.665,58.074);(57.429,19.419);(39.239,8.704);(62.741,26.454)
(49.111,11.338);(16.881,87.387);(54.939,18.147);(66.516,11.418);(72.398,27.108)
(2.393,0.412);(0.467,2.518);(2.836,1.145);(2.36,0.497);(2.76,0.968)
(15.595,2.764);(3.854,17.023);(12.148,4.707);(14.931,3.569);(12.214,5.636)
(38.534,8.998);(13.551,65.423);(34.322,13.596);(46.983,8.034);(38.219,16.926)
(47.157,10.716);(12.689,54.884);(36.482,11.74);(48.724,10.14);(29.04,10.376)
(29.46,5.483);(7.746,38.56);(29.307,12.13);(30.349,5.104);(30.427,10.995)
(35.953,7.745);(15.695,60.018);(65.378,29.203);(46.88,10.244);(60.077,21.087)
(58.574,12.194);(16.718,81.235);(48.258,16.395);(75.949,14.979);(60.682,25.252)
(3.104,0.706);(0.601,2.801);(2.411,1.135);(3.924,0.784);(3.614,1.719)
(48.835,10.889);(13.922,55.806);(36.301,13.299);(32.839,7.233);(53.433,18.49)
(15.71,3.179);(3.89,18.644);(21.126,9.016);(16.513,2.909);(18.517,7.814)
(23.235,4.051);(7.166,37.343);(35.489,14.424);(31.744,7.124);(26.92,10.83)
(12.443,2.781);(2.894,11.944);(8.245,3.76);(8.755,2.004);(7.669,3.218)
(31.686,6.334);(8.081,32.339);(46.976,20.779);(50.527,9.77);(46.114,21.038)
(5.71,1.224);(1.367,5.225);(4.412,1.87);(6.034,1.436);(6.823,3.047)
(17.949,3.757);(5.709,27.635);(17.861,6.991);(16.104,3.628);(17.629,8.062)
(17.248,2.955);(3.823,21.286);(20.012,6.754);(20.911,4.658);(19.213,6.639)
(34.362,7.533);(7.905,31.947);(26.15,11.355);(29.503,5.163);(34.239,11.577)
(40.15,8.342);(10.532,46.3);(31.075,11.482);(35.091,7.036);(37.336,14.072)
(24.052,4.775);(9.002,47.882);(23.142,10.573);(30.809,5.182);(26.126,9.254)
(44.678,10.339);(12.347,59.628);(74.214,30.421);(66.546,11.494);(74.843,26.25)
(33.092,5.452);(5.066,19.515);(26.518,9.359);(24.521,5.828);(27.049,11.238)
(45.762,10.514);(9.66,41.726);(42.648,16.066);(60.913,14.512);(38.122,16.254)
(77.492,18.059);(17.069,67.796);(54.288,23.113);(66.052,14.672);(47.461,20.484)
(53.409,10.44);(13.607,72.795);(67.397,25.843);(61.862,11.284);(71.564,24.25)
(50.612,10.212);(15.221,68.673);(71.456,31.252);(45.717,10.847);(47.521,22.462)
(56.746,10.869);(11.856,55.986);(57.078,24.586);(49.289,10.239);(39.42,15.396)
(17.7,3.688);(6.246,24.157);(23.007,8.912);(18.79,3.667);(18.903,7.685)
(14.749,3.151);(4.319,17.927);(18.251,7.75);(22.853,4.196);(21.404,9.849)
(12.145,2.888);(2.652,12.863);(14.814,5.374);(10.993,1.871);(11.309,4.16)
(25.114,5.377);(5.374,25.708);(28.006,9.359);(24.887,5.579);(24.657,9.25)
(13.66,2.887);(3.139,13.095);(11.374,4.542);(14.436,3.28);(12.347,5.73)
(58.021,10.565);(17.977,84.12);(76.796,35.56);(65.86,14.73);(69.118,31.82)
(25.27,6.03);(9.283,50.452);(26.915,10.577);(45.775,10.341);(24.89,9.822)
(38.706,8.515);(11.107,45.23);(31.508,14.56);(36.153,6.584);(29.391,12.884)
(45.308,7.682);(16.928,92.189);(47.583,22.078);(52.224,10.347);(59.885,26.908)
(16.79,3.899);(6.719,33.924);(27.975,10.328);(26.207,5.337);(19.856,9.22)
(57.498,11.013);(15.102,79.588);(40.832,18.184);(44.473,8.35);(42.5,15.024)
(55.414,9.61);(12.743,58.199);(64.053,25.119);(44.961,10.189);(40.261,13.204)
(26.973,4.87);(6.917,38.329);(29.547,11.408);(17.518,2.84);(22.022,8.069)
(52.827,9.628);(14.184,56.732);(47.17,21.394);(56.879,10.469);(36.487,15.39)
(25.6,4.951);(4.394,20.493);(21.834,9.629);(24.479,5.188);(15.865,7.039)
(52.004,8.587);(15.176,69.983);(80.666,26.401);(65.733,10.833);(48.452,22.357)
(10.65,2.295);(2.511,12.565);(10.741,3.681);(8.702,1.623);(12.044,5.221)
(41.113,9.647);(9.822,48.491);(35.045,15.467);(45.965,10.995);(43.165,16.161)
(35.869,7.922);(9.062,44.429);(31.58,11.799);(37.496,7.021);(28.159,10.845)
(44.751,7.763);(11.71,50.217);(61.582,23.002);(36.187,7.46);(42.556,18.469)
(16.596,3.763);(4.629,22.022);(20.645,8.977);(18.436,3.331);(23.187,9.903)
(62.507,12.632);(20.989,107.784);(46.172,17.025);(65.021,11.907);(65.011,29.53)
(17.285,3.987);(3.879,16.515);(18.257,6.709);(19.05,3.869);(13.389,4.436)
(55.224,10.036);(17.429,73.877);(66.029,29.98);(58.411,10.157);(46.928,17.59)
(67.005,14.799);(18.121,79.371);(47.594,21.306);(54.149,11.369);(69.223,22.224)
(38.345,8.475);(12.416,54.292);(41.299,17.024);(34.785,6.432);(43.152,15.167)
(6.998,1.52);(1.167,4.958);(6.988,2.734);(5.43,1.205);(7.555,2.478)
(50.235,11.524);(14.501,73.186);(56.404,18.622);(63.012,15.016);(70.728,32.459)
(42.272,9.582);(11.961,53.332);(46.108,16.543);(70.381,15.686);(71.401,26.445)
(22.347,4.625);(5.057,21.261);(21.1,8.656);(22.469,4.908);(16.691,7.059)
(28.029,5.227);(7.225,32.05);(35.457,11.902);(27.323,5.985);(34.643,11.445)
(69.34,12.729);(12.926,50.788);(50.283,16.431);(70.915,14.117);(49.948,23.621)
(29.28,4.978);(6.826,37.596);(23.714,8.461);(32.357,6.783);(31.741,14.288)
(17.185,3.112);(5.43,25.959);(26.409,10.543);(20.724,3.411);(24.045,10.514)
(42.061,7.309);(10.485,51.617);(42.665,16.409);(61.338,10.578);(56.299,26.3)
(53.566,10.475);(13.283,64.797);(64.795,21.06);(68.65,12.898);(49.77,17.755)
(30.57,5.139);(7.955,39.716);(28.682,10.351);(23.501,4.306);(32.435,13.67)
(79.516,17.582);(19.37,95.219);(70.983,26.699);(55.021,9.178);(74.792,32.003)
(24.409,5.269);(6.568,26.54);(32.623,15.528);(28.471,6.147);(27.313,8.952)
(32.359,7.089);(6.047,29.141);(20.055,8.311);(23.534,4.12);(23.163,7.798)
(23.103,3.882);(8.567,43.653);(21.75,9.603);(32.216,6.513);(28.901,11.993)
(44.023,8.315);(12.247,58.957);(49.273,21.793);(63.101,10.176);(60.346,24.747)
(26.723,5.798);(8.878,40.429);(24.082,10.677);(21.684,5.176);(19.018,8.921)
(26.319,6.105);(6.455,26.059);(32.038,12.839);(37.762,6.422);(27.734,8.919)
(10.848,2.164);(2.285,8.907);(13.36,4.427);(8.836,1.435);(9.223,4.117)
(16.772,3.409);(3.673,16.405);(20.827,8.462);(12.326,2.016);(20.241,7.488)
(19.75,4.46);(4.64,18.083);(17.466,6.098);(18.439,3.732);(23.566,9.002)
(34.529,7.889);(8.174,45.682);(47.463,16.729);(56.348,13.241);(33.51,15.65)
(64.589,14.347);(14.61,60.658);(76.999,36.779);(77.535,17.707);(59.4,23.047)
(50.73,11.279);(13.756,67.768);(36.085,15.424);(48.286,10.815);(51.55,23.889)
