10
150
(22.264,7.695);(17.599,6.588);(75.724,9.299);(20.191,4.175);(7.569,41.209);(76.58,8.79);(75.51,7.734);(88.564,13);(26.55,4.28);(28.172,4.945)
(30.298,10.31);(38.716,12.432);(102.145,12.31);(32.41,6.972);(9.956,45.907);(115.853,13.932);(100.24,13.426);(111.345,14.184);(40.983,7.874);(27.007,4.597)
(58.073,21.244);(75.824,27.818);(170.271,21.982);(67.48,13.924);(15.854,60.157);(172.206,24.192);(164.143,22.679);(165.94,18.512);(70.718,14.204);(60.69,10.301)
(62.059,27.617);(63.453,23.049);(154.532,17.063);(73.459,12.52);(17.308,88.888);(159.543,23.141);(163.225,21.306);(176.827,20.136);(76.271,12.728);(65.903,13.3)
(64.523,22.165);(55.764,21.733);(160.821,16.429);(65.378,12.883);(19.509,81.604);(184.031,21.253);(169.552,19.298);(184.964,19.005);(73.105,12.275);(51.604,9.871)
(7.509,2.952);(9.771,3.207);(21.24,2.146);(9.438,2.202);(2.204,10.887);(31.487,3.673);(24.201,2.97);(25.926,2.975);(7.377,1.253);(7.975,1.825)
(9.521,3.422);(9.572,4.227);(33.627,4.569);(9.365,1.698);(3.593,19.731);(49.408,5.992);(43.317,4.96);(34.052,3.754);(14.597,2.79);(9.29,1.748)
(11.76,4.526);(13.01,5.695);(36.341,4.759);(8.507,1.957);(2.423,13.332);(31.082,3.862);(28.528,2.832);(28.287,3.346);(8.964,1.893);(14.057,2.816)
(70.305,24.371);(76.757,24.866);(170.91,22.503);(49.024,8.969);(13.129,50.831);(192.691,24.915);(163.809,23.768);(169.765,22.167);(68.649,12.69);(62.573,13.258)
(9.261,4.147);(9.666,3.774);(32.568,4.157);(10.029,2.266);(1.845,8.893);(31.557,4.419);(24.76,2.821);(26.461,3.695);(10.775,2.109);(9.049,1.803)
(11.025,4.778);(10.171,3.937);(32.489,4.769);(9.372,2.024);(1.918,7.313);(35.687,3.604);(35.565,4.153);(38.707,4.315);(9.662,1.572);(6.712,1.117)
(8.369,3.955);(7.214,2.669);(35.461,4.532);(9.894,1.919);(2.556,10.393);(23.288,2.465);(33.944,4.914);(28.788,3.075);(11.273,2.234);(8.235,1.493)
(63.657,28.599);(61.608,23.577);(148.679,20.154);(57.194,9.243);(17.981,76.098);(159.447,17.963);(166.374,19.877);(166.759,18.283);(59.397,10.853);(52.989,11.188)
(25.448,9.712);(20.405,8.772);(65.354,6.956);(18.674,3.923);(6.731,37.924);(78.246,9.44);(73.281,9.664);(76.947,9.752);(29.68,6.784);(29.402,5.458)
(46.876,20.856);(40.139,18.875);(147.851,15.141);(38.311,6.847);(11.865,47.061);(123.169,12.61);(122.922,14.703);(144.69,18.856);(49.763,7.971);(37.568,7.021)
(35.661,16.748);(45.665,16.389);(102.909,11.354);(54.81,12.267);(8.251,44.196);(117.464,11.759);(134.248,18.616);(103.6,10.738);(44.556,8.507);(41.016,8.013)
(18.452,8.841);(20.902,7.464);(71.831,9.127);(17.804,4.154);(6.742,25.817);(71.851,8.988);(65.519,8.256);(89.436,9.714);(20.729,3.891);(20.199,4.788)
(49.746,20.08);(56.607,21.31);(157.282,21.506);(55.651,11.987);(13.331,64.611);(163.939,18.881);(159.105,15.919);(160.188,21.773);(59.754,14.122);(39.424,7.055)
(35.081,12.035);(45.978,16.265);(118.303,11.799);(41.207,8.488);(14.056,76.825);(121.704,13.077);(128.558,18.705);(109.365,15.241);(44.652,8.595);(46.474,9.943)
(40.721,16.984);(51.336,23.98);(128.296,15.659);(53.119,10.249);(9.547,37.455);(123.197,16.177);(104.772,11.366);(127.682,18.578);(35.31,6.905);(36.772,8.386)
(69.964,32.294);(73.487,30.8);(166.767,20.593);(50.846,10.291);(17.18,95.358);(146.291,18.016);(172.714,21.2);(143.753,14.522);(65.611,12.129);(69.167,14.085)
(25.155,9.175);(27.516,12.551);(62.85,6.882);(19.808,4.161);(6.844,32.732);(88.882,9.369);(87.839,11.218);(83.84,11.775);(25.823,5.198);(24.489,4.9)
(16.863,5.686);(17.811,5.986);(73.441,7.979);(16.45,3.698);(6.358,31.81);(66.545,8.701);(83.528,9.18);(78.357,10.304);(24.621,5.525);(16.061,2.822)
(27.249,10.528);(42.293,15.81);(101.958,12.454);(35.556,8.457);(11.228,43.927);(106.206,12.127);(116.579,12.081);(106.58,15.406);(28.614,4.752);(31.887,5.55)
(71.068,30.486);(47.77,22.233);(167.246,24.235);(62.761,10.239);(10.746,51.948);(162.771,22.362);(165.516,20.814);(176.042,23.926);(72.948,14.205);(47.011,9.287)
(17.223,7.702);(24.921,10.016);(56.308,7.311);(28.3,5.695);(6,24.343);(81.685,11.537);(80.01,8.608);(69.661,7.368);(17.428,3.377);(16.24,3.423)
(68.872,24.852);(48.959,19.928);(157.386,18.538);(55.208,11.046);(18.263,85.349);(177.637,20.579);(182.509,19.392);(177.906,20.585);(76.931,16.567);(70.551,13.686)
(11.714,4.67);(9.035,3.842);(22.333,3.171);(10.558,1.788);(2.504,12.052);(23.628,3.225);(31.577,3.968);(27.863,3.293);(7.211,1.565);(10.902,2.315)
(70.436,27.275);(42.371,14.947);(140.413,20.156);(62.752,10.618);(12.565,53.613);(155.62,20.304);(165.117,17.247);(136.196,14.273);(63.42,14.963);(60.685,13.046)
(24.662,10.909);(36.829,13.354);(76.584,7.724);(27.561,5.424);(9.142,43.442);(84.898,8.599);(98.781,11.55);(82.284,9.528);(24.333,4.828);(25.527,4.62)
(31.715,14.754);(32.33,15.144);(109.174,14.873);(37.829,8.441);(12.187,61.857);(126.242,14.44);(125.21,14.033);(117.21,15.871);(33.712,6.87);(50.302,10.444)
(60.339,23.282);(37.554,17.194);(129.542,17.4);(37.075,7.338);(15.716,73.159);(153.709,18.08);(126.525,16.726);(136.464,13.647);(38.029,6.104);(35.782,8.483)
(49.474,16.244);(61.716,21.033);(185.157,20.876);(64.646,13.913);(16.015,78.773);(182.85,26.107);(172.174,19.294);(181.681,20.39);(58.124,10.963);(64.302,11.181)
(15.397,6.797);(12.803,5.739);(63.99,7.899);(14.833,2.51);(3.088,12.367);(46.115,6.415);(58.789,6.381);(51.263,5.145);(19.097,3.356);(11.755,1.992)
(33.004,14.687);(32.882,12.065);(125.393,16.09);(51.882,10.118);(14.427,80.314);(113.744,15.491);(127.11,17.739);(110.867,11.62);(34.672,5.72);(32.166,5.63)
(15.654,6.892);(13.667,5.573);(43.33,4.511);(14.635,2.951);(2.637,11.818);(53.588,5.696);(60.955,8.749);(35.944,5.089);(14.648,2.983);(10.565,1.734)
(69.41,31.562);(50.011,18.867);(150.996,15.812);(62.259,14.062);(14.887,58.017);(150.355,19.538);(155.992,17.985);(169.771,22.946);(63.599,15.177);(52.567,11.072)
(2.078,0.964);(2.01,0.892);(4.632,0.544);(1.347,0.27);(0.487,2.024);(4.455,0.455);(6.874,0.783);(4.204,0.538);(1.17,0.26);(1.831,0.367)
(7.23,2.442);(5.589,2.237);(17.379,2.093);(8.207,1.353);(1.459,5.787);(17.77,2.408);(21.995,2.399);(24.716,2.971);(8.333,1.806);(7.943,1.307)
(6.389,2.617);(7.128,2.866);(26.797,2.86);(5.372,1.099);(1.246,5.381);(15.413,1.807);(21.839,2.91);(21.126,2.212);(6.605,1.335);(4.909,0.872)
(49.689,23.774);(44.447,15.115);(159.366,21.819);(66.702,13.76);(18.113,86.692);(169.715,23.175);(169.937,20.614);(147.253,16.134);(54.246,12.128);(51.429,8.641)
(38.35,12.68);(36.719,13.806);(116.253,13.382);(46.02,10.791);(10.884,53.513);(120.668,13.078);(118.606,16.517);(111.794,13.931);(28.15,6.662);(32.082,7.611)
(68.117,30.163);(56.477,22.22);(174.816,19.016);(80.77,13.473);(19.729,86.191);(174.655,20.236);(197.529,22.681);(166.793,21.316);(71.972,15.456);(66.122,11.294)
(28.635,13.54);(36.335,14.092);(97.148,12.17);(36.301,7.642);(9.174,43.186);(121.934,17.66);(96.309,12.892);(106.167,14.864);(30.409,6.206);(38.609,8.712)
(46.428,15.838);(46.648,19.193);(135.666,17.503);(47.266,10.36);(11.001,49.417);(141.279,14.999);(143.181,16.886);(152.455,15.022);(49.315,9.183);(44.054,7.4)
(16.423,5.977);(17.316,6.777);(84.76,9.07);(17.552,3.58);(6.906,33.213);(56.066,5.708);(75.234,8.95);(66.273,7.921);(17.017,2.828);(20.771,3.564)
(59.482,22.775);(66.966,30.568);(167.956,22.084);(58.033,13.044);(19.837,105.609);(147.108,18.388);(163.292,16.952);(153.646,17.488);(64.391,15.128);(65.749,13.887)
(33.782,14.332);(38.091,14.965);(111.247,15.051);(33.176,7.582);(11.608,50.278);(113.064,13.196);(101.184,13.149);(107.866,14.883);(47.299,8.079);(34.407,7.004)
(43.267,20.581);(41.91,19.37);(107.876,12.447);(32.239,7.57);(12.119,60.064);(113.55,14.589);(121.599,17.568);(110.568,11.146);(50.445,10.311);(32.301,7.368)
(30.868,11.38);(36.57,14.142);(105.987,13.841);(35.571,6.775);(12.998,63.18);(108.879,11.941);(116.835,16.374);(120.072,17.424);(47.776,8.376);(40.735,7.737)
(16.523,7.029);(16.202,5.835);(36.96,4.585);(10.517,2.016);(3.231,18.206);(53.765,5.307);(58.014,6.708);(52.798,7.381);(16.748,2.822);(11.062,2.016)
(17.494,6.25);(21.654,9.139);(65.453,9.297);(18.76,4.114);(7.59,30.546);(83.249,10.785);(85.239,9.597);(70.187,8.879);(27.835,5.626);(18.47,4.17)
(22.252,7.298);(15.591,5.355);(52.979,5.576);(22.435,3.761);(4.966,26.83);(60.84,6.184);(66.699,7.912);(53.475,6.892);(17.563,3.109);(17.533,3.754)
(64.843,24.039);(68.858,27.949);(151.164,20.388);(52.001,8.939);(14.684,64.243);(167.931,23.18);(157.388,17.214);(155.767,18.1);(47.026,10.482);(73.35,11.753)
(51.607,24.511);(60.15,24.8);(140.497,14.431);(40.455,9.398);(14.868,57.055);(156.479,18.672);(143.72,20.958);(135.227,17.914);(63.063,14.107);(56.054,11.379)
(14.898,6.911);(19.666,7.083);(55.182,5.796);(16.489,3.812);(5.453,24.313);(51.623,5.685);(54.629,7.006);(60.893,7.049);(22.271,4.155);(22.456,4.12)
(41.932,18.091);(34.481,11.253);(127.005,16.723);(39.675,8.177);(12.898,54.203);(103.427,10.593);(113.961,16.04);(131.845,13.533);(36.339,7.995);(34.114,5.485)
(48.743,21.39);(36.282,12.47);(114.168,16.409);(30.452,6.415);(12.308,59.277);(103.971,15.055);(111.35,16.055);(129.194,18.384);(30.339,5.278);(43.465,7.971)
(7.596,3.062);(10.103,4.374);(33.83,3.575);(6.292,1.165);(1.942,7.801);(34.377,4.839);(32.226,4.404);(26.806,3.808);(10.673,2.259);(10.895,2.605)
(54.163,20.657);(39.231,12.772);(115.406,12.523);(45.999,9.254);(11.728,55.994);(125.289,14.385);(133.567,14.963);(114.728,14.045);(49.463,9.272);(39.96,8.379)
(74.728,34.86);(75.818,30.234);(191.208,21.056);(79.265,15.585);(14.139,77.769);(172.833,18.336);(170.297,20.678);(192.156,23.648);(68.757,14.211);(49.335,11.837)
(2.851,1.115);(4.609,1.89);(14.375,1.851);(2.69,0.559);(0.766,3.785);(15.947,1.603);(15.743,1.657);(9.139,1.27);(3.075,0.626);(3.325,0.586)
(16.628,5.626);(9.24,3.722);(47.744,4.982);(9.983,2.3);(3.788,14.283);(31.769,3.853);(41.514,5.472);(33.271,4.671);(10.351,2.246);(9.529,1.851)
(16.23,7.611);(12.657,5.804);(35.556,5.221);(16.576,3.084);(3.492,18.517);(34.365,3.806);(49.625,5.472);(61.406,7.087);(9.806,1.935);(15.892,3.513)
(69.25,29.669);(59.903,22.101);(179.15,22.691);(65.313,15.422);(17.096,83.843);(167.297,21.856);(166.078,21.948);(176.709,21.729);(47.44,9.627);(54.655,10.654)
(63.225,22.356);(36.628,12.399);(139.248,17.751);(43.668,10.254);(15.206,75.048);(143.491,20.443);(126.785,17.623);(131.525,14.836);(42.604,9.873);(42.742,8.608)
(47.499,21.988);(59.64,20.104);(140.203,17.501);(40.156,8.299);(15.198,57.181);(154.727,15.483);(139.807,19.955);(154.725,22.434);(45.408,7.464);(48.21,8.823)
(56.499,22.924);(41.193,14.381);(139.643,18.38);(53.909,9.503);(12.497,54.87);(139.741,19.805);(126.987,13.639);(139.114,13.895);(52.47,11.856);(54.191,11.453)
(13.308,5.572);(10.673,3.998);(35.991,4.443);(11.659,2.751);(2.84,13.645);(33.434,4.231);(45.428,4.905);(45.353,4.486);(9.455,1.579);(10.462,2.357)
(57.468,19.592);(63.624,24.955);(132.116,18.32);(61.156,13.454);(16.177,79.348);(154.713,16.691);(127.61,15.173);(126.748,14.26);(48.898,8.054);(48.841,7.83)
(12.997,5.374);(13.101,4.593);(43.387,6.191);(15.274,3.486);(3.504,19.254);(29.84,2.936);(45.104,6.02);(41.244,4.06);(11.931,2.402);(15.572,2.631)
(58.395,24.306);(42.601,17.682);(163.54,18.066);(59.661,11.072);(11.237,56.795);(172.697,23.258);(165.891,21.378);(156.238,21.219);(73.561,17.323);(50.155,10.634)
(37.894,12.662);(28.658,10.439);(99.218,13.072);(34.042,5.899);(8.624,48.317);(101.272,10.592);(92.336,13.399);(86.784,9.214);(29.004,5.789);(28.091,6.533)
(18.566,7.99);(18.794,6.799);(46.412,4.893);(16.763,3.963);(5.554,24.706);(51.048,7.394);(42.344,4.434);(66.325,7.507);(14.887,3.455);(20.615,3.92)
(23.459,8.441);(16.684,5.556);(55.014,5.818);(18.778,3.388);(5.323,29.463);(67.876,7.393);(76.972,8.182);(65.899,6.544);(18.722,4.047);(23.299,4.71)
(46.106,15.071);(56.917,21.28);(129.568,16.074);(37.766,6.286);(9.748,45.704);(143.659,16.186);(141.228,14.015);(159.391,20.606);(50.135,9.432);(61.108,10.251)
(18.769,7.869);(23.111,10.761);(94.946,12.381);(25.949,5.857);(7.121,32.395);(63.942,8.034);(90.339,13.208);(92.587,11.838);(23.801,4.205);(19.138,3.832)
(32.072,14.975);(31.752,10.213);(126.127,15.839);(33.73,6.255);(9.971,38.786);(113.747,12.615);(107.822,15.664);(111.173,11.57);(40.391,7.56);(35.295,6.806)
(62.784,20.558);(42.138,19.529);(133.885,14.047);(39.104,9.043);(16.806,75.434);(146.205,21.288);(154.344,17.477);(143.885,15.075);(65.607,12.16);(48.322,9.829)
(33.039,13.149);(35.227,16.183);(97.194,9.672);(31.851,6.305);(10.26,41.648);(105.847,13.31);(90.578,9.68);(117.324,15.503);(26.703,4.911);(27.333,5.876)
(9.287,3.894);(11.486,4.584);(33.293,4.072);(8.855,2.083);(3.465,14.128);(48.477,6.456);(27.125,2.901);(37.718,3.863);(8.667,1.491);(12.402,2.367)
(49.754,16.717);(36.124,13.099);(146.232,14.434);(59,12.27);(15.739,73.094);(136.82,16.916);(141.787,14.445);(129.084,18.529);(46.786,8.653);(47.685,7.658)
(38.563,13.081);(36.448,15.357);(115.586,11.94);(31.507,5.827);(10.449,56.792);(111.349,13.954);(118.351,14.907);(114.903,11.265);(57.302,11.639);(32.634,7.564)
(29.38,13.05);(27.372,12.671);(108.493,14.207);(30.993,5.202);(9.162,48.674);(96.88,13.091);(117.142,13.917);(111.415,15.661);(39.355,7.447);(50.329,9.352)
(5.043,1.732);(5.728,2.477);(15.072,1.485);(4.473,0.966);(1.094,6.106);(17.297,1.813);(14.866,1.71);(18.759,2.673);(6.6,1.088);(7.447,1.54)
(20.023,8.608);(18.495,6.723);(63.864,9.342);(19.529,4.189);(4.612,19.661);(79.202,11.559);(60.062,5.923);(78.157,10.834);(31.788,5.234);(19.086,3.56)
(51.447,18.247);(46.497,21.828);(153.958,16.604);(73.974,16.202);(14.643,63.606);(164.216,22.786);(176.487,25.019);(154.842,17.198);(55.966,12.522);(57.343,10.058)
(33.893,12.351);(52.425,19.73);(140.172,18.327);(45.821,7.472);(8.745,41.69);(123.277,13.143);(122.767,13.739);(131.821,13.134);(39.58,7.094);(33.563,7.951)
(30.495,14.212);(41.85,14.519);(104.706,14.351);(37.274,8.217);(9.046,41.192);(105.194,12.002);(111.397,14.136);(122.796,17.771);(30.083,5.707);(46.279,10.135)
(35.585,12.358);(25.428,9.502);(113.71,15.571);(31.543,7.463);(7.116,31.653);(107.383,13.117);(102.105,10.447);(109.391,12.058);(25.164,4.856);(27.253,6.379)
(58.123,21.411);(63.571,27.29);(145.764,20.509);(63.146,11.87);(16.263,83.293);(170.476,22.287);(159.97,20.25);(140.437,17.982);(46.565,9.585);(57.215,13.007)
(34.956,12.928);(31.219,12.876);(106.296,12.556);(32.186,5.55);(10.196,45.898);(88.659,9.962);(101.604,13.721);(88.682,12.286);(46.572,9.255);(27.601,6.472)
(7.187,3.059);(8.949,3.868);(23.559,2.645);(6.317,1.257);(1.864,7.319);(25.552,3.458);(30.295,3.464);(27.914,3.819);(6.644,1.462);(6.575,1.427)
(34.439,15.578);(31.586,10.692);(85.847,10.635);(28.844,5.102);(5.515,23.673);(86.196,8.902);(77.237,10.986);(102.084,14.39);(35.414,8.216);(35.757,7.892)
(45.88,20.639);(61.418,27.713);(122.424,12.415);(37.931,8.429);(11.923,63.238);(123.572,12.687);(135.266,19.062);(122.84,15.153);(59.463,13.27);(41.342,7.446)
(35.951,12.722);(52.567,22.552);(121.62,15.213);(60.52,9.948);(10.885,46.566);(129.493,15.78);(123.002,14.963);(125.406,14.76);(50.862,9.932);(60.882,11.177)
(76.477,26.35);(75.946,28.272);(163.088,19.454);(50.32,10.21);(19.566,100.13);(182.604,23.291);(163.89,20.874);(192.152,21.589);(75.171,15.954);(70.979,14.298)
(5.346,1.932);(6.298,2.501);(17.714,2.6);(5.92,1.012);(1.742,7.948);(20.398,2.237);(27.047,3.771);(19.977,2.707);(8.129,1.567);(7.046,1.396)
(64.112,21.677);(48.062,16.92);(160.474,17.515);(59.051,11.102);(15.322,72.323);(164.832,18.23);(167.719,24.17);(142.23,15.177);(72.14,13.628);(60.689,9.97)
(34.121,12.214);(35.23,16.466);(136.648,19.726);(54.441,12.885);(9.641,37.478);(133.641,17.078);(130.529,13.988);(123.968,16.137);(55.999,11.177);(54.658,11.704)
(14.316,4.916);(12.429,5.937);(44.131,6.294);(17.081,3.734);(3.501,13.392);(34.073,4.49);(46.392,6.507);(33.109,3.8);(17.346,4.035);(14.779,2.386)
(30.596,11.475);(35.847,11.839);(89.876,10.656);(24.979,5.91);(5.971,27.589);(80.442,8.521);(93.633,11.363);(98.365,11.136);(32.176,7.647);(23.88,5.485)
(20.226,6.518);(18.242,8.363);(78.728,9.193);(22.441,3.61);(5.305,19.992);(60.065,7.575);(62.371,6.86);(85.651,10.177);(23.464,5.059);(21.467,4.024)
(33.93,14.668);(50.602,17.634);(121.248,16.249);(54.911,11.285);(12.488,50.813);(134.633,13.496);(144.148,16.218);(144.3,17.48);(37.206,8.879);(47.72,9.632)
(1.925,0.701);(2.04,0.952);(6.055,0.802);(1.318,0.246);(0.57,2.904);(5.604,0.732);(7.268,0.864);(7.65,0.819);(2.296,0.462);(1.743,0.386)
(19.062,8.837);(11.815,5.302);(42.699,5.706);(17.605,3.348);(5.271,25.437);(62.646,9.147);(41.876,4.917);(40.652,4.03);(19.568,4.31);(19.796,4.377)
(14.834,5.211);(9.346,3.142);(54.051,6.146);(9.395,2.196);(3.376,18.264);(42.749,4.275);(50.001,5.972);(40.032,5.789);(9.652,2.263);(16.201,3.051)
(28.945,10.967);(38.557,12.891);(114.501,15.117);(29.47,5.294);(9.208,41.54);(104.712,10.507);(117.686,13.795);(107.84,10.743);(34.994,6.933);(48.573,8.553)
(27.398,11.152);(25.734,11.142);(78.045,8.706);(22.522,3.934);(9.59,38.953);(92.817,12.745);(89.326,10.136);(99.928,11.341);(39.073,9.376);(28.67,5.202)
(22.89,10.843);(16.762,6.726);(49.985,7.131);(19.854,4.638);(5.709,26.1);(47.755,5.788);(76.887,8.78);(53.297,7.61);(20.959,4.116);(21.265,3.732)
(16.08,6.3);(13.079,5.123);(45.86,5.105);(11.528,2.68);(4.167,20.929);(53.801,7.851);(46.38,5.62);(54.509,5.453);(11.172,2.15);(16.828,3.423)
(50.5,23.823);(73.406,34.245);(157.147,17.906);(53.296,11.128);(18.812,78.044);(170.645,18.646);(156.076,16.37);(158.805,20.923);(45.403,10.779);(74.864,17.176)
(44.907,17.298);(43.918,18.948);(119.912,13.606);(49.798,9.065);(9.64,40.355);(140.755,18.762);(137.127,16.705);(109.023,14.859);(33.864,7.944);(40.631,8.559)
(50.432,21.655);(41.064,14.619);(146.721,15.471);(41.462,6.719);(13.144,68.886);(133.295,17.893);(152.073,17.142);(136.376,18.672);(40.983,8.653);(37.818,8.559)
(38.632,17.403);(31.864,14.693);(118.862,14.974);(26.612,5.39);(10.618,40.598);(114.587,13.288);(98.53,11.892);(99.043,11.381);(44.155,9.649);(26.829,4.865)
(72.475,23.421);(45.084,15.552);(167.261,23.805);(65.518,13.154);(17.983,95.83);(157.839,17.801);(169.977,18.755);(166.396,24.192);(52.315,8.665);(61.354,10.117)
(34.404,12.984);(34.782,15.474);(116.195,11.663);(29.947,4.858);(10.336,41.987);(100.505,10.613);(121.399,16.293);(95.213,13.503);(41.841,9.747);(48.341,9.286)
(16.317,6.669);(18.753,6.807);(65.878,6.59);(23.1,3.972);(6.7,35.65);(70.662,7.981);(81.522,11.784);(82.721,11.132);(23.409,4.68);(22.317,4.616)
(23.818,7.954);(20.046,7.244);(56.783,7.522);(22.519,5.266);(4.501,21.11);(53.898,6.999);(50.291,6.249);(62.047,8.907);(14.494,2.833);(15.28,3.339)
(51.199,23.359);(47.378,20.154);(162.648,22.511);(53.803,9.024);(15.37,73.632);(168.81,18.317);(157.689,18.191);(155.868,17.566);(58.471,9.881);(45.808,7.959)
(9.245,4.058);(6.031,2.014);(30.449,4.214);(6.671,1.091);(1.653,7.747);(32.828,3.612);(30.964,4.33);(23.634,2.546);(8.274,1.624);(8.245,1.433)
(5.85,1.989);(6.606,2.68);(29.856,3.348);(7.365,1.432);(1.991,9.396);(32.475,3.54);(19.256,2.821);(34.773,3.643);(5.559,0.902);(6.553,1.272)
(7.422,2.73);(5.704,2.616);(30.751,3.291);(7.973,1.632);(1.641,7.746);(16.683,1.784);(27.027,2.826);(18.797,2.267);(5.863,0.995);(8.319,1.886)
(43.797,15.593);(48.436,23.214);(172.185,18.075);(68.522,16.403);(10.986,51.79);(153.749,17.016);(161.683,16.34);(166.908,17.592);(48.981,9.869);(62.99,14.947)
(49.736,22.95);(51.91,23.536);(104.137,10.951);(45.376,9.433);(13.824,73.71);(130.004,16.9);(114.298,11.369);(113.586,15.937);(40.093,6.73);(39.605,8.181)
(18.01,8.496);(16.571,5.742);(60.192,7.713);(19.702,4.333);(4.59,25.735);(65.601,8.615);(81.381,8.678);(72.965,8.584);(22.907,4.655);(23.397,5.3)
(50.81,19.767);(52.378,20.213);(159.443,20.445);(50.251,11.021);(13.915,56.899);(173.287,20.735);(166.391,21.68);(188.806,19.444);(53.265,10.759);(68.918,13.514)
(23.45,9.766);(21.283,9.25);(51.946,6.483);(18.495,3.875);(3.808,16.561);(57.115,6.67);(50.035,6.469);(58.277,6.593);(22.178,4.985);(22.221,3.8)
(4.73,2.036);(7.131,2.363);(22.734,2.74);(4.737,0.759);(1.522,8.379);(22.564,2.322);(19.884,2.058);(16.244,2.036);(4.782,0.904);(4.4,0.839)
(25.336,8.486);(38.114,15.366);(84.241,11.03);(34.787,7.029);(7.999,35.562);(107.193,12.957);(79.148,9.132);(87.71,9.683);(35.448,7.511);(30.99,6.455)
(61.979,20.229);(45.954,18.636);(144.196,16.274);(45.398,9.495);(17.885,79.081);(148.835,17.041);(155.781,19.963);(167.885,17.38);(67.89,14.299);(46.243,8.377)
(12.318,3.95);(11.088,3.583);(30.163,3.177);(12.15,2.746);(2.006,7.843);(33.013,3.512);(32.76,4.526);(25.404,2.896);(9.58,1.79);(11.034,1.849)
(13.324,5.189);(15.501,5.551);(73.519,8.136);(19.362,3.397);(3.745,19.639);(46.502,6.003);(54.763,5.534);(49.972,6.832);(17.49,2.992);(18.76,3.22)
(45.409,15.575);(57.524,26.889);(178.576,23.325);(58.169,12.146);(19.337,97.093);(157.394,22.542);(177.189,21.21);(155.669,19.314);(50.444,11.41);(54.21,11.83)
(8.864,3.392);(8.144,3.717);(34.214,4.94);(12.69,2.614);(2.298,8.817);(38.899,5.648);(35.397,3.545);(38.35,4.544);(12.307,2.628);(9.669,1.567)
(30.275,13.979);(30.939,13.702);(90.169,11.727);(29.29,6.173);(6.195,25.662);(96.526,13.177);(76.004,8.656);(79.368,8.487);(21.934,3.798);(25.863,5.588)
(19.91,7.328);(28.093,12.014);(71.249,8.967);(21.337,4.272);(5.178,19.809);(75.087,11.01);(93.042,10.427);(93.439,9.583);(32.219,7.165);(33.258,6.011)
(12.685,5.728);(12.672,5.679);(68.29,8.889);(19.493,4.155);(3.584,15.361);(47.409,5.612);(56.057,7.066);(68.16,6.955);(19.326,3.581);(16.338,3.33)
(49.56,19.874);(46.97,16.24);(150.174,14.878);(45.9,9.934);(16.342,84.497);(146.834,16.906);(155.533,20.755);(148.652,16.749);(62.482,12.396);(58.019,9.787)
(10.042,3.742);(13.414,6.164);(37.722,4.769);(8.106,1.562);(2.796,11.189);(35.862,5.175);(30.147,4.129);(46.923,6.085);(8.702,1.52);(9.098,2.088)
(31.163,12.555);(42.992,18.951);(110.179,14.674);(28.015,5.553);(7.617,31.583);(96.642,13.67);(97.006,12.147);(105.296,12.851);(33.214,5.934);(38.177,6.979)
(19.317,9.264);(22.314,8.227);(78.299,9.772);(20.263,3.619);(6.71,26.896);(73.334,9.827);(85.865,9.911);(71.153,9.228);(24.565,4.652);(28.746,5.217)
(47.109,20.655);(40.01,15.049);(92.941,13.462);(45.296,10.284);(9.726,47.645);(114.957,11.855);(109.611,15.564);(119.953,12.281);(27.291,6.411);(28.299,5.391)
(3.339,1.524);(2.573,0.999);(13.164,1.432);(2.682,0.441);(0.631,2.662);(7.718,1.033);(9.753,1.318);(11.661,1.302);(2.415,0.417);(3.802,0.668)
(14.228,6.673);(19.591,7.709);(37.614,4.467);(14.74,3.433);(2.913,11.234);(46.708,6.561);(39.679,4.167);(37.912,5.258);(12.226,2.915);(17.686,2.994)
(57.991,26.587);(49.687,18.912);(144.612,17.707);(71.391,12.783);(15.439,63.411);(144.104,14.575);(168.723,22.105);(169.443,18.649);(64.592,12.708);(70.697,11.586)
(26.223,8.965);(26.099,11.909);(108.172,14.262);(29.62,4.976);(10.795,51.522);(89.569,9.599);(99.968,10.662);(96.46,11.402);(39.358,7.408);(26.825,5.138)
(30.71,12.597);(30.733,14.032);(74.32,9.853);(28.229,5.749);(5.838,30.278);(76.096,7.503);(103.183,10.124);(81.068,10.798);(27.458,4.966);(32.577,5.666)
(9.846,3.905);(10.209,4.283);(30.315,3.581);(13.199,2.811);(2.23,10.687);(30.703,4.152);(29.979,4.065);(38.466,4.658);(10.516,1.746);(12.433,2.175)
(3.635,1.539);(2.997,1.348);(11.762,1.185);(3.385,0.803);(0.948,5.091);(14.962,2.078);(9.238,1.051);(9.47,1.201);(4.673,1.07);(4.501,0.929)
