5
50
(30.195,11.599);(24.557,4.943);(7.956,37.341);(26.638,4.863);(86.914,8.78)
(32.931,15.236);(40.47,8.244);(14.95,69.631);(34.11,7.182);(124.005,17.173)
(43.973,15.715);(41.284,9.649);(12.157,47.372);(35.936,5.959);(121.217,17.689)
(77.903,33.463);(56.698,9.34);(12.11,67.376);(69.18,12.278);(168.234,21.561)
(68.549,26.943);(75.407,16.682);(21.896,111.852);(59.501,12.896);(197.411,26.533)
(25.866,11.086);(24.628,4.314);(6.745,28.61);(27.392,4.814);(100.091,11.105)
(49.237,20.052);(70.435,12.524);(16.432,83.887);(53.505,12.608);(147.675,17.549)
(2.182,0.801);(1.515,0.29);(0.555,2.689);(1.613,0.384);(7.122,0.795)
(14.007,5.91);(18.409,3.819);(3.717,19.973);(22.268,3.592);(59.631,6.323)
(29.19,9.372);(31.133,5.663);(11.799,48.456);(31.607,7.119);(98.322,12.474)
(37.782,14.025);(46.792,11.046);(8.226,39.114);(32.563,7.613);(110.546,13.319)
(31.661,10.151);(50.273,9.713);(10.69,53.574);(51.677,8.921);(112.319,11.352)
(27.04,10.805);(24.688,5.547);(6.793,27.059);(35.425,5.798);(93.662,9.922)
(58.29,26.543);(39.239,8.243);(10.416,46.243);(44.032,10.448);(119.27,13.899)
(12.536,4.805);(13.703,3.075);(3.974,19.187);(17.053,3.57);(33.767,4.388)
(41.47,13.807);(37.517,8.382);(11.443,53.579);(47.883,8.93);(152.153,20.939)
(39.487,17.44);(34.416,6.213);(10.651,56.303);(61.288,9.98);(127.374,14.324)
(2.296,1.091);(3.038,0.682);(0.866,3.683);(2.253,0.403);(11.255,1.47)
(11.388,4.749);(16.565,3.942);(3.246,16.89);(13.728,2.968);(41.673,5.876)
(27.675,11.816);(46.234,8.84);(7.632,29.25);(40.534,9.278);(118.256,14.917)
(52.116,20.226);(57.039,11.825);(12.652,52.582);(74.295,15.06);(173.649,18.473)
(63.771,28.484);(50.488,11.98);(10.015,48.84);(54.516,12.55);(150.139,14.927)
(22.398,10.028);(27.602,6.009);(4.981,25.729);(31.106,6.859);(77.829,8.066)
(48.813,19.878);(52.958,10.268);(9.347,50.896);(41.516,7.085);(141.248,18.494)
(31.859,10.837);(42.94,8.243);(9.114,36.425);(40.088,7.423);(110.556,13.048)
(35.669,14.189);(36.068,8.359);(8.284,37.436);(44.002,7.506);(125.999,12.898)
(11.901,4.028);(13.154,2.708);(3.676,14.316);(12.825,2.681);(52.781,7.337)
(24.493,7.954);(32.846,7.684);(6.963,30.843);(20.861,3.82);(83.719,10.537)
(15.102,5.592);(16.102,3.587);(5.154,26.991);(17.043,3.158);(66.842,9.615)
(4.654,1.504);(5.546,1.202);(0.967,4.342);(4.34,0.8);(21.442,2.682)
(3.026,1.044);(2.295,0.495);(0.572,2.786);(2.504,0.443);(10.1,1.26)
(44.76,20.889);(59.656,14.215);(8.776,49.205);(46.6,9.151);(134.415,13.181)
(27.422,12.414);(42.713,9.4);(7.866,32.197);(24.715,4.306);(109.676,11.384)
(36.481,14.327);(56.169,10.754);(12.04,58.227);(48.668,11.214);(111.796,15.671)
(19.113,6.596);(25.831,4.749);(5.91,22.23);(30.449,5.664);(92.305,11.573)
(12.511,4.511);(12.925,3.036);(3.264,12.624);(16.441,3.655);(39.585,5.397)
(15.864,5.711);(19.962,4.595);(5.739,25.051);(16.412,2.703);(78.094,8.778)
(43.219,16.285);(46.214,9.238);(14.944,59.927);(45.985,8.38);(136.388,18.983)
(26.022,11.368);(26.356,4.941);(7.517,34.239);(26.019,4.788);(55.344,7.239)
(58.691,27.689);(56.399,12.131);(20.682,96.59);(71.666,14.845);(170.138,21.921)
(11.483,5.328);(12.139,2.555);(2.78,11.26);(11.75,2.056);(29.834,3.033)
(10.64,4.687);(6.847,1.383);(2.155,9.354);(7.246,1.267);(26.231,3.017)
(25.273,10.135);(21.187,4.647);(4.194,19.432);(24.379,4.667);(50.123,7.075)
(50.13,17.427);(50.279,8.518);(14.157,66.135);(44.048,9.724);(127.972,15.666)
(50.17,21.055);(55.634,10.227);(12.146,55.56);(53.91,12.58);(140.311,20.099)
(22.046,9.376);(26.437,4.939);(7.123,28.626);(25.976,5.536);(83.959,11.439)
(62.342,22.457);(51.179,12.25);(16.143,77.636);(49.989,8.093);(150.039,20.943)
(63.811,22.764);(55.854,11.151);(19.311,98.486);(53.682,12);(172.058,24.703)
(44.856,18.637);(35.329,8.34);(11.743,47.733);(34.411,5.782);(118.227,15.332)
(24.686,8.312);(26.845,5.73);(5.133,28.01);(27.15,4.95);(72.853,8.356)
