10
200
(12.153,67.045);(49.689,21.404);(11.265,48.25);(9.568,42.105);(56.439,20.147);(34.83,13.441);(7.925,36.477);(133.363,15.422);(14.054,58.127);(32.37,6.035)
(6.949,34.113);(24.526,10.441);(5.707,28.037);(9.311,45.474);(24.386,8.898);(20.003,6.913);(8.144,34.852);(74.329,9.127);(9.302,36.665);(22.263,4.962)
(14.005,75.108);(43.51,14.935);(19.84,74.753);(16.803,68.428);(71.66,27.537);(63.339,27.035);(18.842,85.328);(153.428,22.165);(12.375,55.509);(47.783,9.106)
(6.765,31.186);(25.44,8.249);(6.368,26.907);(6.589,35.376);(19.948,7.908);(18.929,7.604);(6.44,34.458);(64.499,7.648);(5.196,25.513);(22.898,4.182)
(5.532,24.432);(34.79,11.656);(5.805,22.017);(5.397,25.856);(21.701,8.328);(34.978,11.247);(7.301,30.045);(98.317,10.093);(8.586,37.692);(33.574,5.476)
(10,54.728);(42.729,20.289);(8.002,31.268);(12.311,61.968);(35.542,14.536);(42.031,16.204);(10.5,46.613);(117.42,14.504);(11.754,60.165);(36.236,6.928)
(7.434,28.803);(43.5,15.778);(11.316,52.634);(7.225,37.099);(26.699,12.51);(36.583,14.154);(8.75,38.487);(113.952,12.343);(6.6,28.505);(42.477,7.817)
(9.997,39.966);(30.263,10.956);(7.713,39.219);(8.547,34.695);(30.83,11.768);(41.762,16.995);(8.784,46.015);(118.806,16.971);(7.961,33.632);(49.66,11.268)
(5.389,25.703);(19.515,8.632);(7.586,36.646);(5.767,31.232);(24.31,8.819);(19.318,6.753);(5.242,28.167);(79.258,9.642);(5.864,31.633);(25.05,4.043)
(9.029,36.613);(33.791,11.778);(14.283,76.406);(9.804,37.644);(54.908,18.292);(40.701,18.828);(8.933,35.579);(112.703,12.311);(10.357,42.587);(48.894,11.629)
(8.514,34.825);(34.153,15.608);(7.722,34.312);(10.671,43.939);(39.512,15.212);(30.271,13.396);(12.182,61.677);(127.605,15.893);(8.142,35.381);(31.425,6.636)
(0.324,1.816);(1.595,0.514);(0.416,1.612);(0.276,1.037);(1.691,0.797);(1.197,0.502);(0.292,1.515);(4.893,0.679);(0.45,2.082);(1.503,0.32)
(11.551,55.26);(42.722,15.306);(12.218,53.487);(11.126,48.781);(37.866,13.889);(38.334,15.92);(9.407,44.652);(134.781,13.99);(9.5,47.895);(52.175,11.358)
(13.992,53.354);(57.168,19.64);(19.449,82.639);(14.052,58.82);(53.616,24.811);(52.679,23.053);(13.863,67.559);(175.043,25.49);(12.589,54.191);(47.013,8.764)
(15.553,84.623);(44.982,17.462);(13.143,55.879);(15.821,80.74);(53.263,25.118);(46.288,20.528);(11.435,50.53);(161.589,16.642);(19.332,80.352);(50.575,11.517)
(12.486,47.389);(71.163,30.817);(18.587,85.099);(15.138,75.822);(57.665,21.109);(72.518,32.388);(13.163,54.75);(147.937,20.773);(13.777,59.507);(60.809,12.543)
(15.314,66.321);(54.247,18.628);(12.241,50.265);(20.657,79.194);(55.707,23.099);(59.809,22.831);(17.23,90.619);(185.732,27.043);(18.816,79.038);(65.62,15.477)
(1.183,5.244);(3.991,1.304);(1.225,5.733);(0.968,4.881);(4.333,1.567);(3.124,1.447);(1.115,5.721);(10.478,1.139);(1.2,4.618);(5.641,1.144)
(7.76,35.948);(36.29,14.4);(7.807,38.282);(9.639,53.892);(39.737,17.548);(39.268,15.737);(9.557,47.245);(98.716,11.525);(8.699,34.718);(34.286,6.147)
(12.335,55.747);(44.208,15.935);(11.885,57.224);(13.704,55.102);(40.187,16.915);(36.327,11.738);(7.826,38.942);(112.088,13.032);(12.996,54.004);(29.25,6.561)
(0.791,3.554);(2.08,0.772);(0.684,2.683);(0.763,3.256);(3.435,1.218);(2.535,1.023);(0.517,2.042);(11.014,1.28);(0.84,3.584);(3.277,0.716)
(3.472,13.066);(14.202,5.473);(4.299,18.555);(4.274,23.034);(20.096,7.762);(13.466,6.414);(3.326,16.009);(52.859,6.417);(3.695,15.028);(20.392,3.313)
(10.491,43.541);(38.183,17.374);(9.191,41.76);(6.188,26.339);(36.558,11.749);(23.097,9.073);(7.381,29.5);(92.484,9.529);(7.281,29.104);(23.541,4.016)
(13.513,69.311);(33.463,11.619);(10.146,40.45);(13.403,68.592);(45.99,17.963);(42.78,20.249);(10.85,55.197);(128.35,13.341);(11.165,54.065);(46.25,10.003)
(2.292,11.982);(13.714,5.983);(2.926,14.21);(2.776,13.306);(8.464,2.895);(8.241,3.788);(3.101,12.137);(33.17,3.311);(2.201,11.043);(12.404,2.626)
(5.496,24.233);(19.415,9.2);(3.307,16.821);(5.074,27.111);(13.167,5.781);(13.289,5.021);(3.919,15.391);(67.688,6.819);(5.422,27.909);(17.024,3.162)
(2.091,10.255);(13.258,4.645);(3.29,13.004);(2.859,15.679);(11.217,5.207);(12.076,5.648);(2.862,12.418);(44.859,4.506);(3.057,12.141);(11.321,2.346)
(9.797,38.498);(56.566,20.225);(10.03,45.714);(12.111,58.31);(51.907,17.75);(53.073,24.318);(9.486,42.791);(120.97,12.134);(14.647,66.817);(46.552,11.129)
(0.834,3.937);(3.17,1.165);(0.538,2.038);(0.627,2.705);(3.516,1.28);(2.501,0.979);(0.597,3.231);(11.362,1.351);(0.98,4.919);(3.428,0.624)
(6.055,26.51);(22.108,10.503);(6.931,35.372);(4.61,25.988);(24.151,8.507);(27.075,12.945);(5.86,29.562);(53.858,7.278);(4.424,17.943);(21.428,4.995)
(10.599,39.88);(57.531,19.327);(15.948,89.738);(14.812,64.648);(42.959,20.405);(46.158,20.366);(14.572,60.681);(143.417,14.367);(15.962,85.844);(64.965,11.163)
(12.15,48.526);(40.412,13.787);(11.477,50.561);(12.694,48.482);(29.927,11.082);(41.035,18.934);(8.683,33.617);(124.599,17.919);(9.063,37.386);(34.119,7.284)
(1.642,8.908);(4.5,1.882);(1.693,6.401);(1.352,6.185);(7.204,2.673);(4.6,1.524);(1.463,6.643);(22.908,2.361);(1.214,6.064);(4.441,0.951)
(4.999,18.823);(22.454,9.512);(3.61,19.642);(5.684,22.369);(16.786,7.079);(21.144,10.01);(4.877,23.021);(43.113,4.775);(5.642,28.936);(21.997,4.237)
(9.826,49.8);(38.241,12.809);(11.899,49.565);(9.652,42.802);(55.405,22.966);(50.967,16.992);(14.076,74.378);(138.047,15.214);(11.745,52.253);(45.133,8.754)
(3.995,16.538);(12.021,3.889);(3.978,21.907);(3.77,18.56);(9.679,4.339);(11.908,4.396);(3.28,16.232);(44.926,4.45);(2.964,14.962);(15.354,3.409)
(6.563,32.539);(25.672,9.153);(4.251,16.697);(7.057,36.089);(23.797,9.185);(24.91,9.103);(6.933,33.496);(67.387,8.507);(6.309,24.192);(22.656,3.905)
(3.257,15.795);(19.889,9.204);(3.086,13.165);(4.941,22.499);(15.761,5.566);(11.54,4.602);(4.338,22.458);(52.82,6.204);(5.256,23.045);(20.479,3.551)
(13.908,56.646);(48,22.353);(14.694,73.277);(12.179,63.785);(67.635,31.099);(54.676,20.181);(12.829,51.217);(141.54,20.044);(16.173,62.57);(63.282,10.782)
(17.217,90.16);(65.558,24.978);(12.688,50.864);(22.069,84.665);(51.815,17.522);(79.301,28.094);(16.391,70.561);(187.587,18.456);(14.369,75.104);(78.615,13.129)
(11.026,47.049);(26.312,12.595);(8.896,33.863);(10.11,47.975);(39.491,18.291);(45.073,21.231);(11.736,47.122);(87.431,9.095);(9.217,41.273);(29.658,6.727)
(2.162,10.525);(7.693,2.861);(2.004,7.672);(1.584,6.107);(9.321,4.08);(9.79,3.463);(2.414,12.87);(24.138,2.621);(2.183,12.134);(6.421,1.206)
(11.859,58.544);(47.618,16.304);(8.966,37.629);(12.325,57.842);(30.564,13.675);(40.923,14.184);(7.26,36.959);(114.733,11.49);(7.803,34.223);(27.452,4.569)
(12.302,51.139);(54.938,20.959);(12.557,47.859);(17.04,73.565);(60.903,26.821);(48.356,21.431);(18.234,87.451);(149.986,15.068);(10.522,41.217);(61.737,12.317)
(3.361,16.769);(18.509,7.811);(2.855,11.249);(4.04,15.737);(15.841,5.856);(13.55,5.693);(2.97,11.216);(40.401,4.015);(4.637,18.421);(14.136,3.073)
(0.906,3.523);(5.403,2.544);(1.058,5.58);(1.05,4.868);(6.067,2.3);(4.83,1.989);(1.446,7.887);(22.073,2.243);(1.471,7.378);(5.276,1.167)
(15.68,86.058);(50.225,20.498);(15.695,66.844);(9.767,37.767);(35.627,13.505);(51.341,22.572);(13.034,64.279);(114.904,12.042);(10.877,61.128);(48.928,10.837)
(2.71,13.329);(12.338,4.471);(3.203,16.702);(2.308,10.064);(10.94,4.225);(9.265,3.764);(2.83,12.963);(33.535,4.685);(3.399,13.38);(10.131,2.404)
(1.258,4.861);(4.06,1.326);(0.822,3.982);(0.784,3.804);(4.499,1.647);(3.011,1.308);(0.753,3.533);(9.555,1.377);(1.171,5.065);(3.897,0.862)
(0.84,4.043);(4.255,1.508);(1.233,5.461);(1.267,6.046);(5.915,2.522);(3.719,1.724);(1.216,5.78);(15.829,1.827);(1.236,4.659);(5.197,0.902)
(2.818,14.004);(15.718,5.385);(3.747,14.412);(2.942,11.853);(11.955,4.551);(13.752,4.785);(2.184,8.88);(50.928,6.318);(3.713,14.004);(12.183,2.239)
(14.989,59.937);(54.29,21.872);(18.984,82.634);(14.761,64.837);(70.027,28.256);(69.536,26.863);(17.847,99.284);(146.941,16.158);(13.242,51.17);(56.831,11.762)
(0.967,4.433);(4.626,1.775);(1.2,5.574);(0.984,3.84);(3.784,1.773);(3.136,1.224);(1.052,4.2);(15.192,1.728);(1.046,4.792);(4.404,0.917)
(13.118,64.611);(32.823,13.686);(10.918,47.384);(12.027,59.143);(36.23,17.237);(34.101,13.508);(8.728,36.533);(111.824,13.854);(10.989,51.311);(43.838,7.741)
(3.325,13.977);(9.714,3.496);(2.628,14.172);(3.674,19.336);(11.029,5.223);(14.229,4.595);(3.974,21.184);(34.102,3.817);(3.284,15.99);(10.14,2.032)
(8.643,44.692);(35.518,11.438);(7.255,30.364);(11.328,51.652);(35.408,14.105);(29.268,10.435);(7.444,41.777);(90.307,9.154);(7.831,38.752);(43.163,9.998)
(3.364,18.397);(9.91,4.506);(3.215,16.378);(2.293,9.43);(13.018,5.553);(9.71,4.372);(2.145,9.537);(39.537,4.526);(2.288,11.313);(14.284,3.085)
(1.392,6.568);(6.956,3.085);(2.063,10.304);(1.85,7.159);(9.224,3.696);(8.403,3.588);(1.388,5.278);(31.836,4.523);(2.396,10.068);(7.061,1.386)
(4.297,17.937);(14.94,7.147);(2.658,13.091);(3.964,16.736);(15.458,6.07);(16.63,7.519);(3.553,14.69);(52.267,6.98);(4.041,19.545);(9.722,2.244)
(0.71,3.323);(1.593,0.675);(0.696,3.046);(0.731,3.192);(2.057,0.805);(1.647,0.623);(0.675,3.546);(8.098,0.835);(0.522,2.197);(1.546,0.278)
(5.104,24.235);(19.859,7.796);(7.841,33.193);(6.654,31.212);(26.762,9.042);(30.799,12.942);(6.123,26.246);(85.356,8.448);(8.059,43.772);(26.115,4.676)
(6.232,24.077);(17.24,5.776);(4.92,24.842);(5.101,19.691);(15.384,6.444);(23.686,8.521);(5.853,24.469);(51.753,7.54);(4.341,22.757);(24.231,5.217)
(1.733,7.995);(5.932,2.779);(2.26,12.347);(2.019,10.159);(8.046,3.373);(8.814,3.932);(2.181,11.787);(22.182,2.775);(1.595,6.256);(7.157,1.342)
(15.421,79.245);(35.476,13.449);(10.536,55.008);(11.378,43.995);(39.961,14.164);(48.519,18.232);(10.587,50.488);(132.598,13.996);(12.055,55.308);(49.269,8.61)
(8.147,37.919);(30.28,10.861);(7.231,29.055);(6.344,31.004);(35.164,13.992);(29.489,12.315);(11.158,45.341);(102.594,10.575);(7.523,41.076);(38.022,7.106)
(14.422,56.7);(51.131,18.599);(15.949,61.116);(13.698,52.614);(56.834,24.543);(69.663,23.703);(15.251,65.403);(161.479,23.197);(11.661,52.798);(60.773,10.735)
(11.338,47.813);(35.561,15.258);(13.588,68.372);(12.085,65.261);(49.893,20.391);(41.514,17.304);(12.818,64.577);(118.161,14.741);(10.716,52.67);(47.235,10.732)
(0.553,2.992);(2.01,0.729);(0.587,2.763);(0.5,1.963);(2.338,0.98);(1.883,0.69);(0.538,2.999);(4.803,0.594);(0.505,2.743);(1.96,0.326)
(8.637,39.987);(30.669,13.129);(13.157,72.122);(10.767,53.961);(33.004,11.072);(29.679,14.162);(10.806,42.744);(99.653,12.171);(12.96,61.303);(44.593,8.448)
(4.965,19.387);(18.387,8.711);(5.07,22.685);(3.233,12.547);(19.359,7.618);(15.397,6.495);(4.274,22.063);(55.605,6.353);(4.765,25.596);(17.716,3.675)
(0.612,3.111);(4.001,1.507);(0.651,2.716);(0.671,2.927);(3.771,1.596);(2.974,1.036);(0.65,3.574);(8.039,0.799);(1.048,4.409);(2.465,0.442)
(17.358,86.053);(74.352,28.182);(12.742,59.033);(13.878,66.673);(45.662,20.545);(67.571,27.794);(13.399,52.362);(156.257,20.017);(17.179,79.971);(69.76,11.878)
(6.575,30.209);(28.315,11.043);(5.254,21.857);(6.592,25.363);(27.864,9.87);(17.92,6.927);(4.131,19.929);(74.918,7.94);(3.93,20.906);(18.836,3.479)
(1.879,9.036);(11.399,4.535);(2.017,7.806);(2.339,10.673);(8.217,3.057);(10.213,4.19);(2.521,10.239);(26.934,2.891);(2.779,10.616);(7.707,1.835)
(3.083,12.619);(8.415,3.268);(3.322,15.137);(2.833,13.173);(12.924,5.062);(11.645,4.521);(2.726,14.744);(30.717,4.121);(2.707,13.35);(8.027,1.563)
(6.114,24.971);(24.32,8.412);(6.997,33.009);(7.275,35.024);(32.291,12.745);(19.267,7.783);(7.863,31.051);(83.654,8.394);(6.126,28.373);(26.25,5.729)
(13.712,56.269);(51.22,19.39);(15.652,61.406);(9.721,45.188);(50.65,21.046);(43.235,20.066);(9.881,54.571);(129.356,16.671);(10.89,50.873);(37.472,7.92)
(13.773,70.114);(63.608,25.023);(10.012,48.858);(13.662,67.293);(63.361,28.578);(60.39,26.921);(10.922,45.978);(133.404,16.72);(14.924,59.688);(66.849,14.486)
(2.738,14.187);(10.072,4.083);(1.997,8.559);(2.036,10.131);(8.317,3.161);(12.697,4.93);(2.161,9.385);(46.198,5.38);(2.259,11.81);(8.273,1.66)
(6.631,35.67);(18.424,8.305);(4.559,22.752);(7.775,29.787);(21.067,9.896);(21.043,9.488);(6.14,25.457);(70.831,8.267);(5.562,28.765);(18.58,3.203)
(12.662,51.672);(47.395,16.538);(9.903,50.392);(12.298,52.512);(35.994,16.907);(55.346,25.939);(9.16,48.355);(113.337,15.267);(14.057,59.542);(34.244,6.455)
(16.307,63.158);(40.622,18.722);(14.513,77.793);(10.088,48.854);(70.665,22.63);(46.832,15.843);(9.822,43.176);(134.115,14.403);(11.946,61.629);(66.008,15.462)
(11.537,48.164);(34.745,13.953);(10.672,48.793);(14.824,79.055);(36.966,12.038);(57.815,22.318);(11.165,48.152);(130.299,13.426);(9.286,35.606);(47.873,10.931)
(5.639,22.051);(31.285,10.749);(6.454,25.67);(7.571,30.768);(27.312,10.17);(23.05,8.36);(6.713,32.444);(63.596,6.365);(5.739,28.779);(23.694,5.111)
(12.047,49.695);(53.11,19.572);(14.79,67.347);(20.718,78.575);(68.177,27.782);(71.79,31.802);(18.104,75.855);(172.633,25.138);(13.994,72.78);(47.237,8.997)
(0.694,3.438);(4.2,1.492);(1.135,4.706);(1.186,5.807);(2.809,0.969);(3.639,1.173);(0.865,4.679);(10.347,1.507);(1.237,6.656);(4.248,0.86)
(1.496,6.588);(4.784,1.949);(0.901,4.52);(1.625,7.34);(3.578,1.69);(6.089,2.162);(0.973,4.618);(18.091,1.966);(1.213,4.949);(5.414,0.985)
(10.934,47.604);(56.574,27.152);(10.517,45.256);(9.898,49.924);(42.391,13.656);(41.291,15.958);(9.105,50.354);(130.081,12.752);(12.192,56.722);(32.888,5.344)
(12.69,55.013);(32.134,15.03);(12.636,68.111);(9.491,39.508);(41.129,15.47);(42.231,18.481);(10.58,53.053);(128.837,16.708);(8.555,38.189);(47.102,8.297)
(1.364,7.152);(7.807,3.715);(1.892,7.73);(1.694,6.68);(4.618,1.677);(7.486,2.893);(1.808,7.712);(19.255,2.072);(1.226,6.493);(6.555,1.355)
(8.527,40.884);(32.155,13.763);(6.502,31.787);(9.731,45.972);(21.866,8.525);(33.623,11.18);(7.41,36.07);(89.24,9.928);(5.82,26.077);(24.893,5.693)
(19.446,89.585);(61.539,27.666);(18.41,74.874);(13.995,69.845);(61.769,28.88);(49.899,21.354);(19.827,95.371);(171.619,19.099);(15.663,83.988);(54.203,11.523)
(8.697,48.953);(32.565,10.851);(10.711,48.231);(11.982,56.048);(39.95,13.854);(37.509,14.756);(9.884,40.637);(127.498,18.227);(9.819,40.715);(37.833,6.823)
(18.166,82.832);(54.47,22.595);(11.437,44.391);(13.086,61.115);(63.714,29.354);(60.665,19.58);(13.596,72.777);(166.453,24.379);(11.172,44.656);(51.035,9.025)
(12.555,59.989);(64.556,22.07);(13.311,67.543);(14.279,57.302);(55.981,22.514);(48.919,19.04);(18.604,85.188);(152.171,15.623);(12.046,54.093);(64.905,14.95)
(11.158,46.983);(47.118,19.07);(18.488,88.667);(16.315,83.11);(54.673,20.146);(48.503,22.953);(13.044,55.825);(158.418,18.674);(12.424,61.16);(63.449,12.103)
(1.276,6.947);(3.577,1.517);(1.444,6.842);(1.201,5.754);(4.122,1.377);(5.471,2.154);(1.218,4.652);(21.053,2.521);(0.945,5.197);(4.819,1.155)
(10.232,38.72);(42.839,18.855);(9.19,38.616);(15.331,85.901);(42.452,18.559);(49.466,22.455);(10.715,52.35);(127.64,12.744);(13.59,51.833);(50.904,10.458)
(8.599,37.415);(46.311,15.922);(9.661,49.093);(11.822,49.741);(47.948,22.859);(46.301,20.856);(10.939,41.699);(123.208,17.847);(13.732,65.48);(54.403,10.669)
(8.182,37.842);(30.544,13.124);(7.441,37.689);(11.146,53.523);(36.386,16.958);(43.95,14.69);(11.366,52.44);(112.898,16.154);(12.382,59.781);(31.567,5.111)
(3.051,16.46);(7.297,2.557);(2.84,10.812);(2.199,9.573);(8.238,3.775);(8.612,4.075);(2.813,11.912);(39.643,3.903);(2.741,15.404);(8.286,1.412)
(18.766,87.149);(49.444,20.237);(19.861,105.058);(15.497,67.775);(58.612,22.087);(66.635,26.045);(16.82,80.329);(168.005,20.84);(18.427,86.728);(49.519,7.927)
(14.426,63.367);(47.08,15.445);(19.263,75.171);(12.513,49.829);(46.405,14.91);(68.81,23.909);(14.222,72.691);(162.872,17.931);(14.036,69.31);(74.999,12.34)
(7.768,33.722);(18.225,7.981);(4.503,19.361);(6.991,36.209);(19.454,6.319);(24.428,8.986);(7.47,32.936);(69.206,9.497);(6.352,26.685);(20.528,4.33)
(1.88,8.356);(6.185,2.416);(2.061,10.551);(1.416,6.186);(4.905,2.323);(4.978,1.688);(1.295,5.376);(18.553,2.482);(1.427,7.579);(5.19,1.084)
(7.809,30.889);(36.748,14.074);(13.33,54.566);(13.521,61.239);(45.281,15.901);(49.844,19.975);(7.368,41.527);(125.459,13.485);(11.424,50.422);(41.119,8.811)
(13.589,52.151);(56.343,21.758);(12.617,54.162);(9.434,49.196);(59.977,25.485);(58.74,22.106);(15.027,69.788);(124.943,16.828);(14.186,74.919);(48.314,7.82)
(1.354,5.219);(5.965,2.754);(0.97,5.465);(1.574,8.423);(5.891,2.409);(4.451,1.607);(1.219,5.717);(21.284,2.878);(1.139,6.284);(4.818,0.906)
(7.548,32.62);(27.066,10.491);(8.659,47.419);(11.228,52.856);(29.208,9.917);(26.599,9.022);(9.179,36.656);(98.367,11.516);(9.266,35.069);(25.667,5.222)
(10.9,52.626);(50.972,17.495);(9.854,45.772);(16.208,61.658);(53.189,23.587);(62.193,25.959);(17.595,92.215);(144.034,15.237);(14.862,66.314);(40.87,8.982)
(3.789,18.913);(16.036,6.771);(3.092,12.203);(3.19,13.711);(19.692,6.348);(15.926,5.111);(2.902,15.756);(37.456,4.624);(2.832,15.834);(18.828,3.559)
(20.965,106.814);(75.045,29.328);(14.716,64.752);(19.902,90.195);(68.662,30.273);(74.629,29.584);(12.892,68.109);(168.062,18.562);(13.838,71.149);(61.058,12.528)
(1.271,7.127);(4.244,1.806);(1.552,7.517);(1.085,4.335);(5.161,2.453);(6.061,2.352);(1.073,4.647);(16.504,1.87);(1.14,4.713);(5.149,1.054)
(8.308,46.476);(33.243,15.685);(7.616,40.277);(7.602,32.816);(30.338,12.206);(25.668,10.422);(8.074,41.402);(85.113,9.62);(6.541,34.709);(23.245,4.54)
(4.32,22.803);(16.126,6.214);(4.098,22.578);(4.759,26.798);(20.126,9.303);(13.248,6.143);(4.458,20.835);(46.266,5.963);(3.732,15.718);(13.288,2.306)
(3.672,15.1);(20.587,7.172);(4.908,21.196);(4.344,18.56);(19.935,8.479);(23.927,9.501);(4.457,22.754);(69.294,8.558);(5.479,22.659);(23.632,5.355)
(14.289,58.196);(55.986,20.394);(9.486,41.157);(13.692,72.946);(45.164,17.816);(54.96,21.558);(11.967,60.324);(130.403,14.31);(9.541,47.08);(54.394,10.65)
(7.754,31.435);(18.95,6.354);(6.036,31.314);(4.966,20.558);(24.009,8.815);(25.065,10.789);(5.01,23.423);(60.611,8.482);(5.506,24.419);(23.33,4.023)
(10.371,57.483);(41.499,19.091);(10.124,55.254);(13.514,58.997);(53.817,22.411);(58.998,21.413);(13.891,52.323);(161.298,22.437);(16.151,72.674);(48.438,8.853)
(6.179,31.663);(17.342,7.301);(3.788,16.4);(6.135,28.127);(17.54,8.27);(23.808,8.571);(5.759,28.838);(58.149,6.451);(4.481,21.693);(24.707,4.552)
(10.323,39.326);(53.836,17.876);(11.322,52.584);(10.96,52.992);(45.467,15.79);(54.286,25.93);(12.416,63.1);(125.904,17.727);(13.096,68.456);(33.248,6.25)
(12.991,70.142);(34.893,12.994);(8.911,45.979);(10.968,42.679);(43.981,20.873);(33.24,10.862);(12.994,65.64);(125.233,14.271);(9.125,50.061);(38.324,8.195)
(17.991,69.168);(66.746,28.416);(16.864,93.413);(16.17,75.25);(71.963,32.265);(50.499,18.708);(17.316,66.001);(171.997,19.859);(13.461,74.237);(52.849,9.004)
(13.797,67.068);(55.65,22.191);(15.658,69.025);(10.864,54.829);(49.95,22.444);(56.755,22.14);(15.907,82.944);(157.488,17.127);(13.799,68.631);(61.5,13.803)
(13.418,55.375);(45.379,18.377);(16.062,60.434);(17.232,92.068);(55.534,18.169);(50.528,23.333);(11.181,60.705);(156.54,20.167);(12.438,65.655);(65.71,15.088)
(0.358,1.572);(1.829,0.67);(0.569,2.347);(0.538,2.513);(1.966,0.852);(2.051,0.983);(0.518,2.904);(7.548,0.754);(0.373,1.868);(1.89,0.343)
(16.142,89.588);(59.88,19.61);(16.185,76.853);(14.85,65.815);(62.962,25.878);(43.759,14.793);(18.454,87.359);(173.678,21.005);(18.343,69.573);(59.052,12.482)
(13.308,59.862);(50.914,24.265);(15.45,71.422);(18.424,94.71);(58.91,26.812);(60.458,21.536);(19.506,86.105);(159.564,22.502);(13.517,54.43);(63.618,11.427)
(5.393,22.618);(23.917,11.035);(4.698,25.936);(5.701,22.668);(21.846,8.671);(26.317,9.576);(4.745,21.934);(55.695,7.086);(5.907,26.994);(25.877,5.165)
(0.764,2.973);(2.104,0.915);(0.621,2.518);(0.561,2.697);(3.531,1.353);(2.684,1.202);(0.511,1.947);(9.721,1.317);(0.675,3.485);(3.148,0.617)
(1.693,6.69);(7.88,3.307);(1.559,7.973);(1.79,7.718);(6.478,2.52);(8.335,3.718);(1.822,8.773);(16.055,1.788);(1.742,7.663);(6.456,1.189)
(1.827,7.291);(7.771,3.462);(1.752,6.819);(1.543,7.125);(7.39,2.697);(6.468,2.1);(1.397,5.735);(16.466,1.833);(1.783,6.759);(5.954,1.049)
(7.942,34.719);(30.369,12.239);(7.069,27.563);(11.814,48.076);(25.646,10.382);(29.448,12.619);(10.454,43.268);(105.905,10.666);(9.29,39.328);(29.946,6.869)
(9.161,39.823);(33.859,15.281);(8.43,41.482);(9.999,39.903);(45.455,16.197);(29.967,11.335);(7.732,32.383);(122.76,16.307);(13.457,53.936);(35.736,6.293)
(8.465,37.622);(26.132,11.327);(9.918,54.93);(8.521,32.11);(27.744,9.008);(38.367,13.656);(10.507,58.063);(91.944,9.31);(10.63,43.037);(25.603,5.893)
(2.033,8.202);(7.225,2.715);(2.75,11.214);(2.135,10.519);(12.251,4.686);(6.874,2.745);(3.092,15.701);(30.197,2.965);(2.414,13.301);(11.75,2.568)
(4.843,18.786);(12.638,4.649);(4.308,17.34);(4.846,23.769);(19.696,7.378);(19.564,6.837);(4.246,22.039);(46.733,6.573);(5.119,23.007);(17.525,3.288)
(13.609,59.019);(40.698,17.02);(14.49,61.336);(9.392,37.512);(55.905,21.22);(33.116,11.512);(14.772,78.079);(111.201,14.409);(9.375,45.957);(37.168,7.227)
(5.588,28.186);(15.751,6.997);(3.671,17.666);(5.376,27.79);(20.907,10.034);(17.304,5.822);(6.163,30.144);(68.17,7.066);(4.482,22.307);(21.942,3.526)
(6.523,25.476);(27.883,9.02);(10.725,46.089);(9.743,46.415);(36.192,12.399);(40.245,13.092);(10.512,48.597);(97.851,12.266);(6.787,38.079);(27.639,6.341)
(11.408,44.616);(64.262,24.555);(13.667,76.216);(15.13,82.017);(62.241,20.155);(46.256,19.804);(11.385,53.275);(145.145,17.629);(17.111,86.797);(45.44,9.278)
(13.7,53.211);(40.108,18.835);(13.061,53.973);(8.225,32.861);(32.957,11.174);(34.983,11.269);(10.254,51.157);(110.875,13.793);(10.725,47.469);(31.291,6.402)
(7.688,29.094);(27.361,11.172);(6.733,36.442);(11.024,61.856);(28.456,12.913);(30.658,10.556);(10.778,46.77);(93.818,10.929);(8.449,34.112);(26.744,4.413)
(12.32,66.924);(66.765,31.402);(14.7,79.624);(18.61,73.378);(71.944,27.954);(65.294,22.991);(13.009,60.444);(148.403,21.517);(11.993,56.756);(45.473,10.587)
(1.737,9.722);(7.822,2.841);(1.28,5.033);(1.131,6.151);(5.158,2.362);(5.499,2.382);(1.643,8.994);(19.647,2.199);(1.203,5.339);(6.267,1.318)
(9.167,46.551);(33.799,12.796);(9.589,46.309);(6.62,28.337);(32.461,11.791);(34.985,15.245);(7.601,31.235);(84.329,11.992);(7.682,30.386);(24.826,4.116)
(13.995,58.045);(67.217,23.208);(17.385,78.299);(19.11,98.05);(51.7,22);(62.957,25.331);(21.261,97.385);(166.862,23.867);(19.227,104.925);(47.43,7.654)
(10.217,43.968);(29.008,12.56);(10.246,39.028);(10.667,46.632);(32.794,14.464);(34.202,14.289);(7.11,32.852);(92.755,10.583);(10.19,54.525);(27.533,5.054)
(8.533,37.424);(26.064,12.398);(7.717,40.805);(7.883,32.432);(31.171,14.367);(34.132,14.375);(11.122,56.75);(104.47,10.464);(9.468,46.803);(35.083,6.793)
(11.648,52.845);(30.178,13.169);(11.529,46.004);(7.215,28.926);(33.368,13.67);(32.948,13.647);(9.317,49.262);(102.012,12.829);(8.345,33.623);(31.515,5.537)
(9.029,35.565);(35.502,14.88);(6.913,27.004);(7.156,33.354);(34.988,16.529);(34.02,13.99);(10.568,56.133);(102.683,11.435);(10.59,44.597);(39.94,6.983)
(9.809,51.534);(44.384,15.193);(10.294,53.839);(11.902,44.939);(30.921,12.568);(32.158,10.598);(9.515,44.692);(132.923,19.534);(9.006,38.153);(49.565,11.829)
(8.952,37.972);(27.116,10.701);(10.953,46.856);(9.345,51.877);(32.213,11.044);(44.057,14.67);(12.391,57.918);(92.151,13.146);(8.54,39.66);(48.131,10.45)
(10.268,40.536);(48.437,17.224);(9.861,38.394);(12.453,49.999);(46.135,18.012);(30.054,10.163);(8.062,36.885);(111.6,15.397);(10.395,44.474);(33.797,7.399)
(7.395,31.086);(48.105,17.894);(7.774,31.158);(12.949,53.848);(34.918,15.686);(34.792,13.332);(8.426,35.742);(97.394,10.347);(10.097,39.111);(35.125,6.508)
(8.634,45.101);(28.446,9.561);(11.551,60.393);(9.685,50.174);(34.113,12.464);(25.616,10.444);(10.157,55.046);(93.299,11.422);(6.521,28.654);(44.21,9.159)
(4.681,26.332);(15.365,7.086);(3.511,16.274);(5.056,22.207);(18.697,8.526);(17.962,6.65);(4.154,21.577);(69.657,8.744);(3.723,20.733);(13.832,2.94)
(16.968,69.286);(50.101,23.982);(12.516,63.742);(17.455,83.998);(54.16,19.735);(47.835,18.042);(20.391,78.518);(154.042,20.661);(12.767,67.956);(66.771,14.54)
(0.766,3.587);(2.321,0.913);(0.749,4.121);(0.67,3.502);(3.523,1.235);(2.311,0.991);(0.775,4.118);(7.769,0.948);(0.692,3.577);(3.89,0.68)
(10.571,51.913);(49.032,21.323);(12.266,52.418);(11.851,49.767);(41.424,18.192);(50.418,22.824);(11.919,57.005);(106.212,13.032);(10.318,41.476);(48.834,8.33)
(11.325,45.52);(40.238,16.942);(8.38,43.911);(7.955,31.44);(42.255,16.642);(33.362,14.257);(11.106,52.712);(105.772,12.527);(11.214,45.644);(37.26,7.619)
(5.911,27.693);(23.231,8.458);(4.081,18.555);(7.001,32.178);(16.323,5.922);(19.284,7.942);(6.547,30.186);(86.307,12.104);(6.381,31.979);(25.121,5.37)
(17.441,80.093);(46.014,20.231);(18.357,80.606);(11.666,51.311);(76.13,36.148);(71.067,26.297);(14.873,73.437);(167.971,23.921);(15.034,60.058);(45.146,8.558)
(19.9,81.185);(62.785,29);(13.196,52.195);(19.795,97.646);(47.862,17.802);(61.427,25.628);(18.939,97.291);(162.56,17.72);(14.632,76.387);(75.705,12.262)
(5.52,21.373);(33.585,15.845);(6.253,31.65);(7.284,27.497);(28.389,12.103);(22.91,7.344);(9.59,49.379);(70.782,10.107);(5.474,23.16);(32.72,6.823)
(5.234,23.647);(25.044,8.193);(5.291,20.655);(6.06,23.74);(30.02,13.386);(26.632,11.06);(7.058,26.697);(80.284,11.087);(8.201,43.889);(23.339,5.485)
(15.042,77.532);(55.83,22.622);(11.179,62.938);(16.991,86.754);(46.436,17.632);(52.206,16.736);(18.06,72.75);(165.573,21.645);(12.825,61.209);(64.979,14.038)
(9.423,40.374);(33.58,14.811);(9.257,49.406);(5.558,26.528);(27.029,10.627);(32.327,14.792);(8.637,35.034);(78.293,9.987);(5.977,24.834);(32.527,7.613)
(10.653,50.01);(31.705,10.882);(8.805,48.393);(11.003,51.796);(37.056,12.796);(31.62,14.958);(6.578,26.804);(117.286,13.397);(11.195,59.756);(35.647,5.733)
(6.051,30.069);(15.587,6.333);(3.857,19.447);(4.908,24.702);(24.363,8.19);(18.326,7.035);(6.51,24.694);(59.988,7.537);(4.514,23.165);(23.329,5.348)
(9.572,39.884);(36.995,16.039);(11.692,51.116);(9.508,49.844);(35.87,11.678);(38.413,16.881);(12.326,48.843);(114.804,12.767);(8.903,45.313);(51.921,9.408)
(8.499,45.398);(31.933,10.597);(9.205,40.371);(7.252,33.535);(29.122,13.967);(29.868,13.422);(9.742,42.92);(103.998,10.245);(8.307,44.479);(35.408,7.975)
(8.459,42.64);(28.086,11.98);(8.093,32.465);(9.804,45.685);(32.115,13.226);(28.941,12.864);(9.695,44.917);(90.391,8.876);(8.843,34.616);(37.887,7.168)
(15.845,73.34);(63.207,21.519);(13.826,65.843);(15.904,80.38);(56.294,19.014);(40.032,18.303);(9.8,39.907);(134.746,14.033);(16.262,85.809);(42.141,7.132)
(9.042,34.288);(26.842,10.356);(7.79,31.737);(7.247,31.726);(30.677,11.31);(24.034,8.957);(5.949,31.144);(87.502,9.404);(8.153,33.142);(22.052,4.876)
(5.734,29.644);(24.252,9.61);(3.875,20.008);(4.023,16.421);(21.078,8.388);(13.728,6.456);(4.646,18.727);(49.665,6.81);(4.158,18.322);(23.5,4.804)
(10.285,41.694);(47.667,20.722);(14.505,78.165);(14.159,65.998);(39.772,15.716);(35.174,16.307);(11.049,51.397);(128.248,17.383);(13.951,72.74);(40.008,7.454)
(9.871,44.602);(27.293,10.015);(6.623,35.647);(9.923,45.525);(28.57,10.485);(34.38,11.511);(10.354,53.046);(104.595,12.805);(11.395,50.677);(27.918,5.746)
(2.335,11.791);(5.096,1.743);(1.719,8.248);(1.732,7.809);(7.695,3.109);(7.31,3.1);(2.184,9.561);(23.989,2.501);(1.309,6.716);(6.385,1.456)
(2.293,12.241);(8.783,2.833);(2.209,8.527);(2.198,8.691);(7.855,2.679);(8.012,3.436);(1.72,8.793);(23.793,2.985);(1.702,8.275);(9.484,1.818)
(12.348,49.175);(53.237,18.55);(13.32,60.156);(13.244,70.044);(54.445,18.044);(46.319,19.89);(12.582,47.671);(143.018,15.293);(11.713,49.538);(50.126,11.22)
(11.884,50.657);(36.221,12.83);(12.475,49.848);(9.941,43.157);(48.832,18.656);(33.036,11.835);(8.312,42.278);(126.022,13.934);(10.744,43.171);(32.375,5.355)
(19.501,91.608);(51.895,22.683);(13.39,64.012);(17.342,65.359);(62.215,21.107);(76.498,34.428);(15.066,76.159);(155.558,17.572);(15.215,83.095);(53.843,10.515)
(3.506,17.195);(11.053,3.893);(3.054,13.221);(3.682,15.963);(14.846,6.22);(14.261,5.101);(2.929,14.89);(37.818,4.701);(4.441,17.65);(17.447,3.329)
(2.567,10.979);(7.574,3.443);(2.166,10.683);(2.166,9.69);(11.336,4.403);(9.097,3.244);(2.898,11.907);(41.797,4.405);(2.355,10.045);(9.895,2.315)
(16.09,89.151);(42.353,16.892);(13.478,62.201);(11.751,46.059);(60.58,21.415);(66.458,29.606);(16.224,71.29);(155.053,18.732);(12,51.391);(67.432,13.605)
(13.089,56.229);(43.533,15.3);(12.751,66.973);(12.294,47.041);(40.688,17.878);(31.98,11.042);(14.048,75.758);(129.12,15.508);(9.644,41.774);(43.65,9.034)
(5.885,24.28);(34.125,12.016);(7.681,31.787);(6.286,30.558);(29.703,13.291);(34.198,14.771);(4.848,23.105);(91.45,12.031);(7.484,28.596);(27.468,6.241)
(13.258,67.134);(80.643,34.877);(15.923,69.694);(22.486,115.234);(64.163,28.5);(68.969,24.921);(18.666,79.736);(195.042,23.661);(19.023,98.578);(74.809,14.07)
(9.38,42.589);(34.283,14.971);(10.426,51.207);(10.031,44.883);(30.359,13.479);(41.012,18.384);(10.01,41.327);(93.696,10.739);(8.042,39.278);(45.955,10.413)
(10.168,43.606);(27.439,11.999);(9.555,42.695);(6.912,36.43);(45.612,15.068);(34.503,11.36);(8.497,36.804);(90.914,11.822);(9.66,41.577);(33.599,6.375)
(2.001,7.982);(9.579,4.146);(2.674,10.878);(1.591,8.065);(9.682,4.41);(11.32,4.992);(2.083,10.301);(24.277,3.483);(2.076,9.775);(7.048,1.651)
(17.991,89.839);(60.418,22.393);(12.177,63.024);(19.393,100.708);(55.267,24.257);(48.537,16.105);(14.29,68.203);(180.406,23.594);(18.81,95.972);(75.018,15.476)
(8.394,41.163);(25,10.328);(9.075,38.213);(8.047,32.223);(28.278,12.487);(26.993,8.784);(5.938,31.385);(99.645,11.557);(6.295,24.682);(39.676,8.772)
(5.412,24.244);(21.375,6.998);(5.379,22.57);(3.382,16.96);(15.641,6.191);(12.847,4.726);(4.664,21.126);(66.187,8.812);(4.467,19.964);(16.626,3.898)
(4.111,18.614);(16.618,7.922);(4.181,21.422);(2.932,11.712);(10.5,3.504);(12.943,4.653);(4.031,19.773);(62.391,8.308);(3.199,14.756);(18.386,4.379)
(6.113,31.326);(24.782,9.556);(6.164,31.961);(10.211,41.928);(27.551,11.461);(32.395,11.645);(8.591,33.47);(99.439,13.765);(7.128,27.127);(33.772,7.188)
(15.14,68.948);(56.098,18.783);(17.226,84.079);(18.898,97.621);(56.587,26.599);(59.244,22.917);(12.608,66.952);(189.843,23.964);(21.91,87.562);(52.859,10.773)
(17.424,71.647);(37.947,14.318);(13.446,63.841);(14.119,55.254);(51.547,20.556);(38.365,13.332);(17.295,74.829);(145.628,19.131);(9.744,50.835);(65.1,12.585)
(7.216,29.466);(23.086,9.539);(8.877,49.266);(5.785,23.478);(27.314,9.117);(29.205,10.471);(7.485,38.379);(101.964,10.518);(5.93,27.436);(31.52,7.291)
