10
100
(20.859,8.301);(16.712,7.012);(15.183,6.862);(4.823,21.376);(23.998,11.203);(5.239,26.83);(21.174,6.935);(15.952,3.754);(66.234,8.763);(22.249,9.546)
(50.306,19.114);(69.904,27.985);(64.845,26.325);(13.367,55.919);(56.588,18.556);(15.09,76.314);(57.77,22.915);(51.023,10.446);(145.273,15.994);(53.745,18.839)
(35.938,15.831);(28.349,12.436);(44.811,17.638);(12.203,49.14);(49.111,16.411);(8.681,48.579);(28.849,10.51);(32.613,7.133);(102.273,11.219);(43.459,16.284)
(11.996,5.072);(10.304,3.405);(7.996,3.815);(2.653,12.425);(9.093,3.251);(2.168,10.618);(8.643,3.929);(10.816,2.369);(23.812,3.443);(11.616,5.141)
(8.566,3.925);(8.765,3.528);(6.687,3.042);(1.464,7.033);(5.906,2.013);(1.407,5.373);(7.308,2.826);(8.554,1.673);(21.076,2.29);(9.737,4.642)
(10.893,4.777);(9.623,3.521);(16.216,6.405);(3.679,14.919);(14.766,4.912);(2.336,10.256);(15.313,4.917);(11.411,2.253);(50.767,5.933);(12.589,4.706)
(7.398,2.624);(11.686,5.289);(9.24,3.361);(2.127,10.911);(8.996,3.517);(3.167,14.711);(7.273,2.39);(10.396,2.463);(27,3.366);(8.958,3.206)
(61.946,27.396);(48.874,17.801);(77.259,33.006);(12.34,51.437);(65.15,24.191);(14.859,72.826);(56.285,18.102);(68.77,13.662);(158.305,21.71);(77.038,32.077)
(17.078,8.129);(14.154,5.225);(21.313,7.056);(6.328,28.191);(17.132,6.662);(3.772,20.102);(21.733,7.075);(19.446,3.188);(49.666,6);(22.25,7.763)
(70.78,27.445);(77.571,31.799);(65.213,28.366);(20.569,87.711);(52.074,20.843);(16.861,94.683);(77.015,35.731);(59.798,13.044);(171.739,17.665);(52.031,19.829)
(1.421,0.47);(1.492,0.517);(1.202,0.448);(0.348,1.44);(1.738,0.66);(0.472,1.89);(1.798,0.698);(1.298,0.258);(4.272,0.562);(1.877,0.633)
(60.02,19.372);(59.431,26.25);(66.928,24.154);(19.907,82.433);(57.827,20.381);(15.874,79.755);(57.653,22.783);(57.358,9.683);(175.769,25.464);(79.765,35.198)
(41.43,14.652);(34.006,15.074);(47.794,20.882);(10.011,39.098);(36.039,15.489);(8.073,32.69);(32.773,13.901);(48.601,9.13);(112.998,14.622);(37.962,12.826)
(33.02,12.436);(33.364,11.246);(26.406,11.071);(8.106,41.338);(42.876,15.216);(7.158,37.114);(31.25,10.002);(46.326,7.775);(98.852,11.5);(26.186,8.914)
(44.677,17.809);(66.841,22.059);(51.807,21.424);(14.505,61.359);(46.316,17.033);(17.641,87.918);(58.829,23.923);(54.649,9.812);(166.72,21.516);(69.923,29.627)
(2.356,0.998);(2.812,1.064);(2.546,0.857);(0.602,2.613);(2.795,1.091);(0.56,2.653);(2.679,0.897);(3.293,0.585);(8.671,1.204);(3.169,1.152)
(32.886,14.917);(35.362,13.523);(27.243,11.001);(11.214,46.508);(35.028,15.344);(7.112,33.893);(32.55,13.601);(45.789,9.335);(119.529,15.665);(38.436,14.151)
(4.212,1.424);(3.261,1.057);(4.476,2.041);(1.346,6.955);(3.584,1.451);(1.334,5.209);(4.952,1.975);(3.259,0.66);(15.036,1.692);(5.312,2.516)
(11.821,4.216);(10.83,4.019);(18.188,6.42);(3.811,20.963);(16.429,7.513);(3.88,15.099);(15.552,7.072);(12.31,2.352);(39.931,4.708);(18.002,7.107)
(26.469,8.64);(36.95,15.73);(26.081,8.454);(5.26,28.942);(28.608,12.663);(6.507,28.636);(29.279,9.804);(27.156,5.978);(91.149,11.031);(24.946,8.171)
(42.567,13.768);(28.625,13.536);(39.057,16.285);(7.219,35.418);(41.942,18.784);(10.424,40.549);(24.467,9.164);(40.095,9.435);(90.586,12.923);(33.97,15.495)
(34.761,14.598);(38.031,14.531);(52.823,18.595);(13.35,72.244);(45.988,17.555);(9.505,45.917);(34.98,12.519);(42.942,8.711);(121.631,12.396);(34.323,13.221)
(25.089,8.419);(17.855,6.8);(25.335,8.241);(4.966,25.126);(14.87,5.289);(6.435,28.549);(22.643,7.386);(15.118,3.615);(60.064,8.085);(24.538,10.915)
(34.287,15.148);(32.688,14.34);(39.028,16.992);(13.008,53.136);(45.207,15.639);(10.978,44.089);(35.608,16.073);(36.021,7.677);(124.874,15.677);(42.289,13.552)
(22.035,7.74);(23.832,9.359);(26.055,9.747);(7.05,33.008);(18.269,7.515);(6.708,30.405);(26.525,11.124);(20.648,3.436);(61.734,6.401);(26.93,10.287)
(65.903,25.647);(65.264,26.694);(65.195,24.768);(13.471,59.572);(46.482,15.072);(10.586,40.599);(51.379,21.028);(68.428,11.228);(161.454,20.376);(45.268,16.688)
(7.443,3.559);(8.315,3.977);(13.099,4.675);(3.143,13.497);(11.086,3.732);(2.68,11.911);(10.233,3.571);(10.952,2.353);(33.611,4.258);(10.178,4.831)
(56.714,21.608);(58.383,21.115);(51.725,24.782);(16.095,72.496);(49.524,20.125);(14.185,57.138);(52.202,23.487);(41.965,9.608);(127.369,15.845);(45.372,16.827)
(11.936,5.651);(16.527,7.77);(17.999,6.011);(3.312,17.663);(12.738,4.949);(4.398,24.779);(18.258,8.135);(12.726,2.268);(40.663,4.374);(17.569,8.303)
(13.984,4.914);(11.685,5.38);(11.429,5.155);(2.554,12.42);(9.845,4.092);(3.687,16.484);(11.162,4.821);(9.849,2.174);(35.164,5.144);(14.381,5.069)
(41.01,16.92);(49.181,16.725);(51.801,20.739);(13.378,54.457);(39.731,14.941);(18.755,98.09);(41.931,18.455);(56.201,10.538);(149.522,15.422);(45.004,16.586)
(7.518,2.434);(10.249,3.797);(7.523,2.661);(2.134,8.936);(7.818,3.092);(2.054,8.474);(12.68,5.816);(8.01,1.819);(33.122,4.321);(11.975,5.746)
(57.388,23.598);(53.131,23.173);(58.31,23.315);(19.784,94.559);(78.32,34.803);(16.374,81.981);(71.726,31.561);(58.257,11.607);(178.228,21.286);(73.289,23.538)
(8.95,3.966);(13.563,4.484);(12.629,4.635);(2.314,10.3);(13.462,5.741);(3.253,17.332);(12.046,4.091);(9.896,2.21);(44.506,6.391);(12.668,5.727)
(5.12,2.438);(5.37,1.726);(4.208,1.394);(1.195,5.064);(5.556,2.494);(1.072,5.309);(5.41,1.924);(4.651,0.811);(12.106,1.318);(5.852,2.303)
(63.455,27.445);(64.785,26.199);(64.43,20.849);(13.806,75.715);(49.879,17.767);(10.048,41.072);(52.578,21.343);(59.15,11.627);(162.832,16.587);(54.355,18.419)
(73.208,27.833);(71.859,30.788);(73.46,33.307);(19.694,102.22);(49.717,19.698);(15.124,69.844);(59.453,20.963);(53.504,12.83);(150.378,21.893);(60.52,19.423)
(45.434,20.885);(56.93,23.54);(48.295,22.112);(17.229,86.986);(65.716,21.038);(16.422,63.795);(58.56,19.045);(64.376,12.286);(172.794,18.702);(54.924,22.782)
(20.085,8.313);(18.388,6.36);(12.916,5.876);(5.81,27.813);(14.765,5.316);(4.98,27.332);(19.533,7.297);(15.505,3.003);(70.33,7.78);(21.12,7.32)
(25.35,9.689);(18.067,8.515);(25.316,10.317);(5.66,26.945);(29.427,12.395);(5.251,20.409);(31.271,14.066);(29.989,6.88);(74.189,9.154);(20.324,9.208)
(46.337,17.757);(48.262,16.063);(32.236,14.891);(8.29,39.52);(35.365,14.879);(8.898,38.658);(31.28,11.188);(28.678,5.696);(95.866,13.064);(34.908,12.136)
(53.975,24.268);(53.743,18.194);(66.088,31.097);(13.909,76.844);(73.285,30.501);(13.608,74.973);(45.371,16.059);(65.545,10.525);(154.022,21.122);(52.255,22.166)
(26.081,10.328);(32.236,12.612);(39.533,13.369);(9.951,41.957);(31.866,13.458);(10.418,48.244);(37.501,17.82);(44.358,7.596);(104.928,12.654);(28.505,9.405)
(34.005,12.548);(27.981,10.105);(35.425,15.409);(7.268,28.961);(26.762,9.432);(6.999,27.456);(32.441,15.433);(33.907,6.977);(104.004,15.061);(27.047,12.03)
(38.737,16.788);(37.687,13.277);(40.884,16.379);(13.308,64.652);(57.126,25.527);(12.515,47.948);(38.257,17.523);(32.17,6.193);(123.961,16.571);(47.56,20.874)
(34.236,12.32);(35.414,16.827);(47.85,20.04);(8.123,34.907);(37.843,15.172);(11.144,50.767);(37.728,15.791);(51.896,8.925);(112.184,13.412);(33.511,11.278)
(57.092,26.386);(53.382,19.201);(49.907,23.851);(15.113,77.012);(53.355,23.274);(14.583,69.208);(54.302,21.412);(54.196,10.208);(150.354,20.391);(38.666,18.323)
(56.983,24.184);(75.783,34.223);(62.45,25.267);(15.793,71.787);(61.406,27.187);(12.816,62.839);(58.722,20.316);(77.754,18.377);(169.418,24.012);(63.316,25.622)
(28.713,10.372);(35.756,11.464);(27.791,10.983);(7.385,34.954);(25.599,10.16);(7.798,30.592);(35.598,12.452);(34.915,6.548);(90.669,10.398);(31.328,13.954)
(48.264,15.828);(29.223,9.393);(33.502,15.009);(10.941,45.651);(31.574,13.705);(8.862,34.297);(35.188,12.434);(39.237,8.542);(104.677,13.848);(26.861,12.362)
(29.794,11.054);(32.725,12.774);(34.199,11.256);(8.446,39.464);(36.891,17.44);(7.791,31.393);(48.227,15.443);(35.16,8.391);(92.034,12.408);(44.164,18.209)
(20.975,8.19);(19.968,9.117);(23.364,8.142);(7.185,31.947);(30.469,11.161);(7.708,41.081);(28.64,12.066);(18.486,3.634);(67.569,9.522);(24.924,10.064)
(30.633,11.881);(36.026,15.314);(43.52,13.971);(11.054,45.832);(29.205,12.995);(12.883,71.16);(34.585,13.256);(36.923,5.931);(112.534,15.496);(29.744,13.505)
(32.51,10.524);(51.018,17.295);(45.583,15.005);(9.37,39.781);(34.037,12.819);(11.039,47.123);(32.602,12.11);(54.321,11.88);(114.092,15.542);(42.544,16.506)
(26.447,11.524);(30.585,12.804);(38.941,13.947);(7.644,37.536);(26.614,12.582);(8.208,44.93);(31.059,12.696);(39.227,7.03);(100.361,13.347);(29.253,12.173)
(78.537,31.328);(59.601,28.401);(49.863,18.984);(14.836,58.812);(62.477,20.117);(18.859,80.273);(68.867,32.498);(76.064,12.664);(188.547,26.532);(73.342,28.131)
(8.694,3.532);(13.812,5.915);(14.426,6.321);(3.539,13.554);(12.326,5.128);(3.382,15.311);(9.135,3.555);(8.83,1.874);(33.133,4.08);(9.22,3.63)
(33.302,12.774);(26.985,12.729);(37.606,13.162);(10.593,51.881);(27.23,8.831);(10.671,55.455);(23.962,8.985);(26.239,5.13);(82.443,9.834);(24.994,10.456)
(2.484,0.994);(2.359,1.061);(1.986,0.654);(0.513,2.189);(1.88,0.621);(0.485,2.055);(2.043,0.662);(1.661,0.345);(5.94,0.591);(1.92,0.897)
(27.203,9.28);(40.728,17.873);(26.816,9.779);(6.171,25.409);(26.443,12.547);(8.225,42.548);(38.749,17.202);(31.782,6.668);(109.486,13.572);(28.802,11.867)
(16.839,6.019);(23.237,8.731);(28.345,11.495);(6.225,28.744);(30.539,12.464);(6.231,23.563);(18.951,6.871);(20.073,3.966);(61.676,8.613);(26.847,9.793)
(32.256,10.461);(30,10.839);(34.401,11.781);(8.418,39.217);(30.99,12.832);(11.236,53.855);(40.467,18.669);(41.555,7.108);(99.696,10.278);(34.576,12.017)
(59.373,23.765);(65.581,22.341);(61.999,27.094);(12.483,50.657);(75.941,28.694);(22.141,84.467);(50.664,23.121);(60.292,13.044);(180.179,20.873);(58.615,24.848)
(23.933,11.003);(17,7.035);(15.877,5.696);(5.542,30.092);(21.339,9.653);(6.006,28.401);(19.111,6.536);(20.97,4.005);(54.424,6.691);(24.598,10.035)
(39.422,16.931);(31.533,12.372);(27.11,11.307);(10.105,43.808);(29.254,12.935);(7.576,40.295);(39.683,15.431);(27.449,6.401);(115.608,14.185);(35.68,13.499)
(53.409,18.546);(45.98,18.81);(37.512,12.255);(10.959,44.421);(34.409,11.498);(10.194,56.652);(53.284,17.929);(33.075,7.783);(126.416,14.686);(32.978,12.598)
(12.349,5.479);(19.321,8.875);(13.337,5.812);(3.663,14.955);(21.174,8.76);(5.134,23.834);(12.649,5.917);(19.497,3.478);(56.614,7.247);(15.631,6.864)
(16.704,7.715);(13.779,6.196);(14.027,6.567);(3.6,16.332);(17.196,7.457);(3.91,14.944);(11.467,5.479);(9.715,1.681);(46.36,5.714);(10.647,4.953)
(36.397,13.471);(49.26,22.133);(28.18,10.626);(9.873,44.347);(28.28,12.847);(8.007,32.315);(44.632,17.761);(34.558,7.177);(120.225,15.673);(46.53,16.692)
(46.367,17.04);(54.731,17.844);(36.57,12.619);(15.76,64.154);(61.698,26.006);(10.515,45.741);(39.121,12.632);(37.079,6.909);(118.526,11.792);(43.199,19.649)
(61.054,24.783);(66.033,27.542);(67.468,22.401);(14.414,58.882);(55.329,22.807);(19.53,94.162);(51.622,19.354);(58.674,11.408);(153.304,18.162);(48.476,20.752)
(12.935,4.146);(11.158,3.903);(15.833,7.181);(2.576,13.678);(15.435,4.95);(3.378,13.223);(11.591,5.254);(12.541,2.516);(45.632,5.917);(14.688,6.304)
(36.106,16.461);(38.733,13.977);(38.868,16.279);(9.832,53.497);(37.136,12.62);(11.425,52.456);(44.557,17.866);(36.47,5.862);(136.169,15.535);(41.788,16.488)
(42.1,14.76);(34.224,12.026);(35.709,16.136);(8.783,42.402);(47.933,18.312);(12.121,54.804);(38.274,12.557);(28.905,6.101);(111.475,12.899);(40.039,18.249)
(13.58,5.61);(18.956,7.086);(11.135,5.319);(4.821,18.762);(13.226,5.133);(2.924,15.709);(17.558,7.137);(17.076,3.057);(38.992,4.631);(14.543,6.874)
(32.464,13.142);(36.273,12.509);(26.861,10.559);(5.881,23.371);(24.135,9.002);(7.11,31.314);(33.25,15.297);(32.982,7.911);(79.207,11.042);(22.954,9.004)
(11.572,4.528);(7.889,3.11);(9.687,3.865);(1.894,10.294);(7.247,2.489);(2.446,12.918);(9.974,4.744);(7.983,1.405);(33.85,4.408);(8.94,3.783)
(44.033,20.518);(43.2,14.99);(67.291,29.086);(10.245,41.224);(58.205,26.641);(17.65,69.95);(42.83,15.768);(66.195,11.97);(140.789,17.681);(47.297,21.534)
(27.453,9.994);(28.737,10.693);(36.208,16.703);(10.809,59.203);(29.523,12.892);(7.413,40.765);(34.731,15.007);(27.106,6.459);(97.756,11.133);(29.965,11.751)
(2.997,1.236);(3.435,1.123);(3.341,1.297);(0.658,3.446);(2.25,0.917);(0.821,3.131);(2.161,0.889);(3.139,0.574);(11.415,1.33);(2.738,1.022)
(20.904,9.369);(30.958,10.192);(26.98,11.815);(6.983,34.159);(27.874,9.419);(4.957,23.653);(18.352,8.34);(28.79,5.192);(62.009,6.944);(22.191,7.83)
(9.934,3.576);(10.763,5.159);(9.545,4.193);(2.381,11.473);(10.234,4.304);(2.54,11.848);(7.313,2.417);(10.863,2.087);(34.709,4.532);(10.779,3.548)
(48.837,20.537);(43.427,14.078);(47.471,16.498);(15.03,83.433);(67.798,23.344);(11.265,53.463);(64.645,28.343);(61.396,10.502);(148.215,15.653);(52.091,19.813)
(19.933,9.195);(21.382,7.81);(19.524,6.857);(6.925,35.492);(21.51,7.781);(4.628,25.741);(15.666,5.915);(25.856,6.128);(60.68,8.447);(18.239,7.439)
(7.349,2.867);(6.323,2.679);(7.156,2.877);(2,11.038);(6.304,2.416);(2.769,14.471);(6.666,3.072);(8.302,1.787);(35.971,4.605);(6.502,2.099)
(28.16,12.599);(29.581,9.996);(19.004,6.595);(5.23,21.699);(24.447,8.747);(5.337,29.795);(20.083,8.095);(20.37,4.587);(81.283,10.7);(34.312,11.77)
(28.696,10.793);(37.677,13.839);(32.523,10.698);(9.06,41.06);(47.713,16.612);(11.928,53.07);(42.146,19.193);(28.998,6.476);(119.567,14.574);(33.024,15.614)
(5.599,2.231);(9.001,3.61);(6.11,2.588);(2.069,9.183);(9.126,3.812);(2.048,10.214);(8.893,4.083);(8.962,2.127);(28.358,3.306);(7.328,2.349)
(5.669,2.382);(5.255,1.929);(3.781,1.574);(1.374,7.365);(3.886,1.721);(1.27,5.057);(3.665,1.733);(6.292,1.458);(15.781,2.106);(6.561,2.576)
(5.903,2.631);(3.558,1.462);(4.95,2.306);(1.509,8.428);(3.367,1.215);(0.985,4.532);(3.972,1.539);(5.473,0.991);(13.562,1.915);(3.938,1.422)
(4.676,1.646);(4.907,1.699);(4.5,1.888);(1.035,4.728);(4.286,1.826);(0.899,4.872);(4.459,1.759);(4.697,1.023);(13.278,1.571);(3.978,1.825)
(43.039,18.426);(54.279,25.523);(66.001,21.864);(13.19,66.258);(59.711,26.428);(15.6,67.451);(73.256,30.823);(66.101,15.081);(146.549,18.535);(46.835,18.369)
(17.158,7.979);(16.794,7.462);(11.062,3.834);(3.286,17.919);(11.671,4.576);(3.655,17.109);(18.72,6.881);(11.344,2.711);(58.388,6.636);(16.317,7.799)
(16.171,7.21);(14.975,5.485);(10.128,4.05);(3.128,17.277);(9.989,3.411);(3.283,13.868);(10.471,3.486);(12.951,2.504);(34.176,4.002);(12.777,4.229)
(14.301,6.098);(12.977,4.82);(11.437,5.073);(3.076,11.99);(11.736,4.151);(2.589,12.763);(13.868,5.642);(10.498,1.948);(37.828,4.155);(12.04,4.811)
(47.649,19.053);(57.779,19.901);(45.969,17.646);(10.611,40.382);(54.934,17.636);(15.945,72.3);(63.029,24.714);(36.233,5.886);(154.017,16.381);(50.73,20.648)
(46.29,17.906);(28.763,12.156);(40.48,17.526);(13.224,51.217);(38.302,14.358);(9.767,39.865);(36.499,12.271);(37.88,6.453);(112.515,11.055);(42.335,17.211)
(42.306,14.972);(25.833,10.342);(30.897,13.612);(6.945,34.529);(32.259,14.404);(6.654,25.365);(42.897,19.121);(26.404,4.368);(102.083,11.891);(29.171,12.274)
(17.779,7.821);(17.204,6.699);(12.839,4.309);(2.623,9.937);(13.569,6.231);(2.532,13.354);(12.406,5.522);(13.542,2.429);(38.091,4.769);(14.056,5.816)
(2.652,1.181);(4.128,1.669);(2.616,0.932);(0.668,3.363);(4.174,1.732);(0.93,3.736);(2.331,0.9);(3.299,0.626);(11.415,1.17);(3.45,1.581)
